%%MatrixMarket vector coordinate real general
420
1   9.50897760488120854377e-04
2   5.51418919373941043491e-04
3  -3.80876857287983528605e-03
4   1.20702069371619747501e-02
5   3.76681104740063735226e-03
6  -3.74783596657769747188e-04
7   1.22333113873355874002e-02
8  -1.01548160443890598051e-03
9   1.22295364572709043538e-03
10  -5.05748656270282349878e-05
11   2.90062047306899805851e-03
12   6.43695537352133653752e-03
13   2.69124497228228948178e-04
14  -3.02697331404989944392e-03
15   1.54863672769210702906e-02
16   4.62412063302068271353e-02
17  -6.67981626969087541323e-03
18   1.59329392229290503491e-02
19   1.82558011300002149060e-03
20  -5.86099137472311047109e-03
21   6.22168961297160302837e-02
22   3.32240432738499557111e-03
23   4.87781011068257573660e-03
24  -2.64905507594120686807e-03
25   6.46725377793471722931e-02
26  -2.98992791101028616840e-03
27   8.86841067914554553875e-02
28  -5.97361287796889864343e-04
29  -8.77261239676350480787e-03
30   1.45639752288691994714e-02
31   5.84011152164615535143e-03
32  -5.72925592373832231682e-04
33   5.88677199602544720669e-02
34   8.76001857261925025167e-03
35  -1.43446403647189249563e-04
36   1.26262609073925502479e-02
37   1.58408339785937870778e-03
38   2.64956155184392812274e-03
39   3.84346725947531464920e-03
40   5.98527186605098387301e-03
41   8.37779002285110943604e-03
42  -7.67998300350063167752e-04
43   3.20773272618584878984e-04
44   1.53014224779794115461e-02
45   6.68918326346293196094e-02
46  -4.80003941015716092434e-04
47   1.09845511897496181386e-01
48  -2.22948920684494815078e-03
49   1.20116530603576104896e-01
50   2.49352191420080648160e-03
51  -5.53264410348914062454e-03
52  -3.95804791104086874098e-03
53   9.75566699279913490672e-02
54   9.74666591303473550667e-02
55   1.22770692131230667668e-03
56  -7.87662048371758245768e-03
57   6.42504037563103730379e-02
58   3.08005795810962893812e-04
59  -1.05209402331613230408e-02
60   1.45652716140731511296e-02
61   4.01498316002993523022e-03
62  -9.06764628400698563353e-04
63   8.82422626969914108974e-02
64   1.49962309133961952008e-03
65  -4.15553085191496494877e-03
66   1.22628592827449423019e-01
67   1.66220846584488770974e-03
68  -1.79550767545467700528e-03
69   1.42311801564136336529e-01
70   2.19573481068383730141e-03
71  -1.37518747103640529309e-04
72   1.36202304160748105533e-01
73   2.88611832412697440903e-03
74   6.89999425755801875509e-04
75   1.19911103884557959653e-01
76   4.38676580902600237594e-03
77   1.05906175813156580232e-03
78   9.02712085546880649289e-02
79   5.35101600275747577712e-03
80   1.57828757989995102466e-03
81   5.53575575760876861797e-02
82   7.89222020301664876907e-03
83  -5.98993992810477196911e-04
84   1.71505297301939724219e-02
85   4.34204090473032757510e-04
86  -3.33336469283297654690e-04
87  -1.08531064986980649995e-02
88  -7.66977882002701453340e-03
89   1.63005995848755878830e-02
90   8.54312695251519538253e-02
91   3.06240332226008255163e-04
92   2.22246026736411383539e-05
93  -8.10213416659556821776e-05
94  -1.03896908984091006223e-02
95   1.77928481539876628958e-02
96  -7.52191746841588022854e-03
97   9.47036266221411432431e-02
98  -4.75797456939008184262e-03
99   1.28345413845439848544e-01
100   5.26435552921287867358e-04
101   1.09029234056261638622e-03
102  -7.16282220971755701801e-06
103  -2.39428152448300591085e-03
104   1.52883018493404965188e-01
105   1.45990840917701009127e-01
106   1.38501897141329508543e-03
107   1.50396877073899460329e-03
108   1.43939414884247690596e-01
109   1.64545026354619172183e-03
110   2.93941959395343501912e-03
111   1.24505310871217897417e-01
112   2.84806593263009369746e-03
113   3.58076560370863047206e-03
114   2.35615544847491689348e-03
115   3.08882997389148782064e-03
116   1.04495467138571607180e-01
117   8.17888897335483922024e-02
118   3.72665898271183322968e-03
119   6.90620527970720998051e-03
120   2.12927849246055873357e-04
121   3.14221673662883191000e-03
122   1.75656885607004369099e-02
123   5.62021105697850312244e-02
124   5.55386779859314897015e-06
125  -2.81507317677646582907e-03
126   1.48516769373466667181e-01
127   5.48306565253865447855e-04
128   2.49276991509799763450e-04
129   1.56007711401353055258e-01
130   2.03263926076175538036e-04
131   5.61273655660834264701e-04
132   1.47424245901018637073e-03
133   4.90754689598225154329e-03
134   4.72844462698521206256e-03
135   1.15563290407512453406e-01
136   1.05927092280794346579e-01
137   1.50143217588436309051e-03
138   4.93291367320324459361e-03
139   9.03650398219784656284e-02
140   2.40248617968248385363e-03
141   1.79792342036116134345e-04
142   7.35660008972191265669e-03
143   5.91961001982754201484e-03
144   1.73215896751928478958e-02
145   5.65030989420682167035e-02
146   2.41401078555525692776e-05
147  -5.37205757060626749172e-03
148   1.26293736085522106949e-01
149  -2.34963294583132769125e-04
150   1.47291858532793464845e-04
151  -8.02002383747485100840e-03
152  -1.11287940076250108784e-02
153   8.73621377301948137672e-02
154   1.56660548233324807554e-02
155   3.74507514833205285704e-03
156   1.42017127387878056011e-01
157   3.61640416734610456798e-04
158   3.69344464774285429973e-03
159   1.18118164303084513533e-02
160   3.74350998478145419873e-03
161   8.30140269065351857694e-04
162   1.18266673580289388701e-02
163  -1.78890182290210504081e-04
164  -4.06778624847718792840e-03
165   1.38157007350766358744e-01
166  -5.47194965668035423166e-04
167  -1.33060575983764322119e-04
168   1.56630335625970701363e-01
169   2.52828098787542185084e-05
170   2.89589999417154712533e-03
171   1.47572960537790981439e-01
172   4.40830680380219957007e-04
173  -2.10268706740683093302e-04
174   6.97759701364949417451e-03
175   7.86185702726046285738e-03
176   1.00563862115162189204e-01
177   7.46277071604717484599e-02
178   3.98051812130840185558e-04
179   7.51332531995765190436e-03
180   7.92116817422408719951e-02
181   9.34156148225660483767e-04
182   7.60133745647985706317e-03
183   5.77716014887976053727e-02
184  -3.63577804992728040052e-04
185   9.99752406757088360467e-03
186   1.53879677372464711282e-02
187  -1.86787968461528066820e-04
188  -7.78864970464840725151e-03
189   7.87742222432973454582e-02
190   3.35697801390706217911e-04
191  -1.09077566790080470599e-02
192   1.54157987677336679594e-02
193   1.16512238494428412017e-03
194   9.61891844408120015412e-04
195   5.89658898409713334333e-04
196  -6.64666876889234139666e-04
197  -2.69328515781035713640e-04
198  -1.50988299590382158387e-03
199  -4.92224576884053421216e-03
200   1.48630262489145764659e-01
201   1.30639853194665145342e-01
202  -3.69571669984522684083e-04
203   4.89606232894477209905e-04
204  -7.00563438214024756384e-03
205  -1.10525330371207212293e-02
206   9.12692211189779362135e-02
207   1.75311078964320091189e-02
208  -3.99641002887919183448e-04
209   1.45664512313167858297e-03
210   1.50598102270780492828e-01
211  -4.84596738726759078669e-04
212   1.03630490764420525487e-04
213   7.71476394995790088621e-03
214   4.03161634549243242526e-03
215   9.30769937382731199493e-02
216   1.34134524880237887556e-01
217   6.17286100201934191493e-04
218   5.79494194419635701848e-03
219   1.18228504264244721478e-01
220  -4.65792253768966481482e-04
221   1.10290682660413499189e-02
222   1.71447362768905840757e-02
223   3.30934812781115373845e-04
224   1.06967681716063269665e-02
225   1.65147085283644488862e-02
226  -2.79233364139206731176e-04
227   1.10941428578748627065e-02
228   1.40318965140785664736e-02
229  -1.22515902259347735223e-04
230   1.04165141842645393722e-02
231   1.71075712721626659041e-02
232  -6.19382022942651928703e-04
233  -1.43735981446131781116e-04
234   1.46753955542692410274e-01
235  -9.61280749431357912395e-04
236  -5.95960777128068689909e-04
237  -3.88692406794831010752e-03
238  -7.07651355128472228651e-03
239   1.33195265598931328332e-01
240   8.04873181791376651750e-02
241  -3.90025072157121810348e-04
242  -1.13644538202477170252e-02
243   1.51012271273119284137e-02
244  -9.94397337570048032301e-05
245  -8.87618379481857136537e-03
246   5.56194898431881384893e-02
247  -7.57268260803061941076e-04
248   2.66813058322965023297e-03
249   1.40458331320527929353e-01
250  -4.48329193909632731964e-04
251   5.30688936262158159757e-03
252   1.18030258348567049231e-01
253  -5.51693207811083545294e-05
254   8.65235630858553900202e-03
255   6.06727899389565561439e-02
256   3.01048833108087286140e-04
257   1.13362936176386614601e-02
258   1.62125548845016911881e-02
259  -1.00888593581054141803e-03
260  -7.98431943082974072794e-04
261   6.75505435246830966689e-03
262   3.55786497711464786559e-03
263   9.03396679119191498009e-02
264   1.32154234833740058530e-01
265  -1.12438228916971350718e-03
266   1.06178201674800710801e-03
267   1.39646396487521140539e-01
268  -1.17872327617282138430e-03
269  -1.01995836732269554332e-03
270  -1.13174583119836553481e-03
271  -4.89361391083379445449e-03
272  -6.99511210571918291834e-03
273   1.06443277378147863055e-01
274   6.60878990464881521660e-02
275   5.88739226969856878878e-04
276  -9.61831296632103573130e-03
277   1.61790376859093296136e-02
278  -1.99553615275990022665e-03
279   1.34680512720910611213e-01
280  -4.33707444963161287393e-04
281  -3.13215739948112807840e-04
282   1.20444835010677046144e-02
283   7.79239403030177087139e-03
284   1.48117048268641346431e-02
285   7.39399827946913557053e-02
286  -1.35176670223319012228e-03
287   4.07365722884149832755e-03
288   1.11330627941145621218e-01
289  -5.15408692739146613582e-04
290   4.64587630837487311833e-04
291   7.19779225792923846305e-03
292   9.90307467103141748910e-03
293   6.90063403247153511755e-02
294   1.59975940510470732159e-02
295   1.30388492285675873083e-05
296   1.03883448146014391311e-02
297   1.56214297305453803100e-02
298  -1.80286432265399656182e-03
299  -4.19182006219236320300e-04
300   1.31380125159173605232e-01
301  -1.88894548908431184238e-03
302   2.43911470193123236169e-03
303   1.24588594525386647804e-01
304  -2.20199225239715769969e-03
305  -2.76437864409106223013e-03
306   1.20541905056752995939e-01
307  -9.38316494399948409534e-04
308  -5.02147837849670555799e-03
309   8.03430048224926668388e-02
310  -3.90674205792901308928e-04
311  -9.38223998545706545926e-03
312   1.60152768486263759329e-02
313  -2.49581904402249596733e-03
314  -2.82364023910953174448e-03
315   2.47834071232451089162e-03
316   8.96703087923270901168e-05
317   1.12562535383195577721e-01
318   1.16264933590253569107e-01
319  -2.82816013702921276521e-03
320  -1.60643373581033257862e-03
321  -1.66507971500900954671e-03
322  -3.39447964792170125969e-03
323   1.05532236410384158698e-01
324   8.05228009577007297626e-02
325  -8.95758148783629918471e-04
326  -5.71261736865700912869e-03
327   5.43883106428056997683e-02
328   2.04663276108695750630e-04
329  -7.91822805232638045336e-03
330   1.41984380685623804569e-02
331  -1.35858071361631303417e-03
332   5.44135044198983813812e-03
333   8.75893372041520318350e-02
334  -1.07495514032395758294e-03
335  -5.94414950614533736488e-04
336   8.80792128848704829192e-03
337   1.71740159263413447177e-02
338   5.79333467700364566216e-03
339   5.90049604116612211313e-02
340  -3.81509478453203026288e-03
341  -4.88812489912021121141e-03
342  -6.24272529588561632223e-05
343   2.73694082751991889756e-04
344   6.97609440521732709906e-02
345   9.73280269105315509748e-02
346  -3.21091242557203357041e-03
347   2.39386252573594139961e-03
348   7.89693135106218913055e-02
349  -1.47012942964950209766e-03
350   4.43365384922378077959e-03
351   4.54663584361721731519e-02
352  -3.32127771643589886266e-04
353   8.40868042611663674135e-03
354   1.41125601398429181832e-02
355  -2.45881034457771409374e-03
356   3.67994377536707325399e-03
357   8.81383413554827077618e-02
358  -3.57064151019206117363e-03
359  -3.00165234715966955381e-03
360  -2.55721445081916187725e-03
361  -1.20607915551886046845e-03
362   6.36629847005541066318e-02
363   8.13524858518286791975e-02
364  -1.84622315385127446592e-04
365  -1.93028512470262312781e-03
366  -4.14638065981345980276e-03
367   3.80851789309004304385e-02
368  -7.79055361613209627208e-03
369   1.28214557597288551782e-02
370  -5.20179372622598182319e-03
371   9.29991194274388047192e-04
372   5.71371173264254780810e-02
373  -6.98292959231140101389e-03
374  -2.58895354202963109708e-04
375   1.59108015311836686889e-02
376  -7.79304131158057352552e-03
377  -5.17780345696477496686e-03
378  -1.13655658309800276264e-04
379  -4.62885580748293974998e-04
380   1.42172733161318853162e-02
381   4.76753237216218442307e-02
382  -4.14979301821236708919e-03
383  -3.78303131895806792409e-03
384  -7.04770300835757634687e-04
385  -1.89891095317452603466e-03
386   1.37587645933831895229e-02
387   3.72001757290149823176e-02
388  -2.78586927669865645416e-03
389   2.42745278083974884431e-03
390   3.98834442358329335776e-02
391  -4.48117960588253084336e-03
392   1.67719471210690590154e-03
393   5.44927743105021664127e-02
394  -3.85668966823168434671e-04
395  -1.66934032573130619126e-04
396   6.71362289993527715931e-03
397   3.65091064679943068730e-03
398   1.33647953431749282049e-02
399   1.21152430676601547549e-02
400  -8.11786044303710544595e-04
401  -3.86506596513803675833e-03
402   1.29985073867369526485e-02
403  -7.21080794238382685735e-03
404  -8.39515587518074597306e-05
405   1.48860920800304736417e-02
406  -6.03595601847555385949e-03
407   1.04699197341680453710e-04
408   1.30680525093621584948e-02
409  -3.41397870414292519542e-03
410   6.52884198968569327837e-04
411   1.10537852525969485656e-02
412  -1.10169301523341755210e-03
413   7.40230281017172238832e-04
414   1.43020856421547585928e-03
415  -7.95554701474045222742e-03
416  -2.52854836653718312908e-05
417   1.27078072840875518773e-02
418  -1.30030157550724192322e-03
419  -1.30990165917883373027e-03
420   1.08599120530493702293e-03
