1.000000e+00
1.494613e+01
1.127431e+01
3.824356e+01
1.124409e+01
5.384163e+00
4.434074e+00
3.608646e+00
4.732124e+00
4.606082e+00
3.603022e+00
2.710867e+00
2.320458e+00
2.089531e+00
1.951836e+00
1.918571e+00
1.918189e+00
1.908124e+00
1.886341e+00
1.881753e+00
1.867285e+00
1.902829e+00
1.930717e+00
1.929387e+00
1.890280e+00
1.849162e+00
1.827471e+00
1.794004e+00
1.722759e+00
1.602254e+00
1.449513e+00
1.314254e+00
1.241112e+00
1.188851e+00
1.128956e+00
1.042395e+00
9.623956e-01
8.724081e-01
8.211780e-01
7.789361e-01
7.501118e-01
7.331108e-01
7.214183e-01
7.159168e-01
7.082087e-01
7.006534e-01
6.910050e-01
6.766341e-01
6.618553e-01
6.220448e-01
5.888898e-01
5.568662e-01
5.363763e-01
5.146944e-01
4.976321e-01
4.813329e-01
4.631946e-01
4.446230e-01
4.221455e-01
3.923993e-01
3.636396e-01
3.424247e-01
3.229513e-01
3.075359e-01
2.984618e-01
2.834779e-01
2.757064e-01
2.669809e-01
2.631767e-01
2.591764e-01
2.560781e-01
2.517128e-01
2.461876e-01
2.355188e-01
2.257470e-01
2.159549e-01
2.019495e-01
1.850717e-01
1.752066e-01
1.530525e-01
1.417949e-01
1.330347e-01
1.283208e-01
1.242554e-01
1.188218e-01
1.148087e-01
1.072790e-01
1.028549e-01
9.955769e-02
9.641683e-02
9.371002e-02
9.101458e-02
8.539589e-02
8.272653e-02
7.851244e-02
7.701748e-02
7.627474e-02
7.559932e-02
7.478855e-02
7.302946e-02
7.116554e-02
6.927349e-02
6.652163e-02
6.239642e-02
5.493227e-02
4.536465e-02
3.803511e-02
3.165517e-02
2.913779e-02
2.718818e-02
2.509064e-02
2.348058e-02
2.198931e-02
2.030710e-02
1.931985e-02
1.807806e-02
1.745476e-02
1.680116e-02
1.638285e-02
1.572293e-02
1.509167e-02
1.437703e-02
1.358942e-02
1.324179e-02
1.288914e-02
1.266676e-02
1.233127e-02
1.221362e-02
1.204805e-02
1.194284e-02
1.187898e-02
1.168434e-02
1.077662e-02
9.397750e-03
8.135782e-03
7.335274e-03
6.762407e-03
6.359034e-03
5.785642e-03
4.997392e-03
3.928384e-03
3.020261e-03
2.590896e-03
2.087407e-03
1.894858e-03
1.839726e-03
1.789950e-03
1.732225e-03
1.645743e-03
1.539182e-03
1.445990e-03
1.384149e-03
1.341192e-03
1.277047e-03
1.209112e-03
1.163630e-03
1.113513e-03
1.064946e-03
1.024275e-03
9.942842e-04
9.706057e-04
9.504997e-04
9.288644e-04
8.900840e-04
8.593286e-04
8.305652e-04
8.104024e-04
7.999927e-04
7.779775e-04
7.589401e-04
7.255785e-04
6.985534e-04
6.662940e-04
6.352580e-04
6.007237e-04
5.432929e-04
4.890681e-04
4.575702e-04
4.071711e-04
3.913237e-04
3.804355e-04
3.754641e-04
3.700218e-04
3.674998e-04
3.626296e-04
3.550057e-04
3.493037e-04
3.399195e-04
3.276030e-04
3.151932e-04
2.860507e-04
2.552537e-04
2.136883e-04
1.883107e-04
1.724321e-04
1.600232e-04
1.522696e-04
1.450516e-04
1.373775e-04
1.319300e-04
1.254385e-04
1.226266e-04
1.204595e-04
1.182439e-04
1.144149e-04
1.116330e-04
1.046231e-04
9.927418e-05
9.742890e-05
9.546816e-05
9.377018e-05
9.189669e-05
9.017331e-05
8.777748e-05
8.547434e-05
8.396047e-05
8.099946e-05
7.488932e-05
6.889459e-05
6.099701e-05
5.471572e-05
4.905208e-05
4.604820e-05
4.402995e-05
4.159107e-05
4.030959e-05
3.924704e-05
3.782714e-05
3.643370e-05
3.531140e-05
3.427412e-05
3.301271e-05
3.177835e-05
3.042443e-05
2.843371e-05
2.679304e-05
2.577359e-05
2.498366e-05
2.465360e-05
2.435408e-05
2.399213e-05
2.360933e-05
2.248253e-05
2.198759e-05
2.136777e-05
2.065437e-05
1.971332e-05
1.883289e-05
1.743322e-05
1.645264e-05
1.580514e-05
1.511201e-05
1.438663e-05
1.366940e-05
1.290459e-05
1.252574e-05
1.193968e-05
1.173629e-05
1.147745e-05
1.131968e-05
1.098671e-05
1.072712e-05
1.010735e-05
9.525602e-06
9.225064e-06
8.895095e-06
8.673589e-06
8.484423e-06
8.302548e-06
8.016749e-06
7.842077e-06
7.623838e-06
7.391376e-06
7.109485e-06
6.538849e-06
5.959750e-06
5.407757e-06
4.922160e-06
4.678761e-06
4.507804e-06
4.347950e-06
4.231086e-06
4.150723e-06
4.006772e-06
3.932228e-06
3.878094e-06
3.821547e-06
3.724574e-06
3.561930e-06
3.385998e-06
3.064250e-06
2.853088e-06
2.730243e-06
2.626515e-06
2.551058e-06
2.477169e-06
2.407845e-06
2.347416e-06
2.268869e-06
2.226088e-06
2.180886e-06
2.140963e-06
2.068525e-06
1.975170e-06
1.885316e-06
1.704597e-06
1.621536e-06
1.534379e-06
1.464949e-06
1.385962e-06
1.346057e-06
1.284593e-06
1.258387e-06
1.238177e-06
1.224015e-06
1.207271e-06
1.181382e-06
1.106856e-06
1.042018e-06
9.178885e-07
8.473240e-07
7.862288e-07
7.209281e-07
6.712254e-07
6.421818e-07
6.059246e-07
5.922996e-07
5.806472e-07
5.754875e-07
5.673215e-07
5.616263e-07
5.385877e-07
5.255333e-07
4.881353e-07
4.686347e-07
4.546282e-07
4.401966e-07
4.228169e-07
4.043452e-07
3.887919e-07
3.724761e-07
3.616658e-07
3.525768e-07
3.411977e-07
3.304929e-07
3.147534e-07
2.984666e-07
2.834383e-07
2.711193e-07
2.614028e-07
2.496969e-07
2.428406e-07
2.364050e-07
2.284518e-07
2.242699e-07
2.208105e-07
2.162317e-07
2.108102e-07
2.043707e-07
1.899197e-07
1.754556e-07
1.625330e-07
1.537026e-07
1.475636e-07
1.422749e-07
1.366421e-07
1.335682e-07
1.281933e-07
1.256574e-07
1.234299e-07
1.208089e-07
1.170319e-07
1.132727e-07
1.050291e-07
9.818172e-08
9.166829e-08
8.791120e-08
8.486603e-08
8.229850e-08
7.972755e-08
7.844756e-08
7.488469e-08
7.382018e-08
7.281313e-08
7.196030e-08
7.068335e-08
6.932364e-08
6.416576e-08
6.088870e-08
5.681679e-08
5.268077e-08
4.920956e-08
4.410535e-08
4.140766e-08
3.826088e-08
3.711508e-08
3.637305e-08
3.590803e-08
3.551196e-08
3.474037e-08
3.380875e-08
3.101721e-08
2.922578e-08
2.664440e-08
2.494284e-08
2.352881e-08
2.197671e-08
2.078418e-08
2.030456e-08
1.966006e-08
1.941254e-08
1.923756e-08
1.899611e-08
1.863953e-08
1.795645e-08
1.668533e-08
1.577838e-08
1.440306e-08
1.335839e-08
1.237123e-08
1.092737e-08
9.810229e-09
9.216959e-09
8.519124e-09
8.249819e-09
8.099791e-09
7.897756e-09
7.687217e-09
7.485705e-09
6.961662e-09
6.549731e-09
6.132537e-09
5.856867e-09
5.685951e-09
5.497258e-09
5.356483e-09
5.241025e-09
5.116290e-09
5.068891e-09
5.007592e-09
4.972837e-09
4.853651e-09
4.713738e-09
4.479957e-09
4.221005e-09
4.057457e-09
3.889624e-09
3.720050e-09
3.581490e-09
3.285222e-09
3.196274e-09
3.047410e-09
2.939704e-09
2.860673e-09
2.704789e-09
2.560989e-09
2.419738e-09
2.264493e-09
2.192492e-09
2.121830e-09
2.067127e-09
2.029077e-09
2.006341e-09
1.956908e-09
1.913461e-09
1.855237e-09
1.810212e-09
1.756885e-09
1.702506e-09
1.619369e-09
1.564608e-09
1.448387e-09
1.376801e-09
1.318529e-09
1.268731e-09
1.221032e-09
1.174954e-09
1.118697e-09
1.064656e-09
1.032066e-09
1.008154e-09
9.871208e-10
9.632523e-10
9.366942e-10
8.734992e-10
8.299106e-10
7.923329e-10
7.664911e-10
7.434764e-10
7.257238e-10
7.093200e-10
6.831612e-10
6.689970e-10
6.541359e-10
6.403795e-10
6.208655e-10
5.934008e-10
5.674501e-10
5.250038e-10
4.875263e-10
4.619841e-10
4.451601e-10
4.330379e-10
4.237338e-10
4.121713e-10
4.027754e-10
3.868825e-10
3.793431e-10
3.712785e-10
3.610958e-10
3.493861e-10
3.312173e-10
3.117231e-10
2.976671e-10
2.842329e-10
2.733167e-10
2.597164e-10
2.475171e-10
2.352394e-10
2.292690e-10
2.213079e-10
2.185279e-10
2.161953e-10
2.134814e-10
2.084576e-10
1.962926e-10
1.873359e-10
1.707714e-10
1.604027e-10
1.515584e-10
1.403880e-10
1.322421e-10
1.268696e-10
1.230700e-10
1.196088e-10
1.168751e-10
1.147483e-10
1.108377e-10
1.073423e-10
1.006966e-10
9.537700e-11
8.821573e-11
8.418138e-11
8.102643e-11
7.823007e-11
7.604037e-11
7.455685e-11
7.171473e-11
7.026355e-11
6.889160e-11
6.759738e-11
6.602924e-11
6.435302e-11
6.001495e-11
5.744638e-11
5.368805e-11
5.128760e-11
4.943903e-11
4.750394e-11
4.558296e-11
4.441555e-11
4.236696e-11
4.144104e-11
4.078979e-11
4.011155e-11
3.929624e-11
3.832275e-11
3.603362e-11
3.365412e-11
3.136440e-11
2.959119e-11
2.763084e-11
2.597900e-11
2.468888e-11
2.347831e-11
2.276872e-11
2.226457e-11
2.187368e-11
2.163394e-11
2.113891e-11
2.058589e-11
1.975279e-11
1.819659e-11
1.715222e-11
1.640916e-11
1.538896e-11
1.439490e-11
1.360360e-11
1.314801e-11
1.253992e-11
1.227849e-11
1.219018e-11
1.202298e-11
1.186840e-11
1.162662e-11
1.097923e-11
1.010529e-11
9.386478e-12
8.748218e-12
7.942228e-12
7.286140e-12
6.572738e-12
6.189819e-12
5.812716e-12
5.739296e-12
5.686877e-12
5.658642e-12
5.607820e-12
5.521574e-12
5.166844e-12
4.603556e-12
4.195444e-12
3.759995e-12
3.221681e-12
2.670892e-12
1.981062e-12
1.624318e-12
1.494676e-12
1.359998e-12
1.298828e-12
1.249675e-12
1.187132e-12
1.094204e-12
1.044347e-12
9.840393e-13
