%%MatrixMarket vector coordinate real general
99
1   1.61878465493844697630e-40
2   1.97106073956539775082e-40
3   3.07943845637281662211e-40
4   4.73647913735587069775e-40
5   7.36275277632682011207e-40
6   1.15525627866979156739e-39
7   1.83055737584437946467e-39
8   2.93050249724873133284e-39
9   4.74193599813686599843e-39
10   7.75959202463905357954e-39
11   1.28475833854058150732e-38
12   2.15352285455986394193e-38
13   3.65668092756444872019e-38
14   6.29387218864796787331e-38
15   1.09887271781488692417e-37
16   1.94762181483071626443e-37
17   3.50707487700452707260e-37
18   6.42174458879427662761e-37
19   1.19686491387953404557e-36
20   2.27286447103764075292e-36
21   4.40280581707375608381e-36
22   8.71095286720076956218e-36
23   1.76039267563860773378e-35
24   3.79031176025857623800e-35
25  -1.20072813993606748383e-35
26   5.57179358568005712256e-33
27  -3.04694348862428928502e-31
28   1.63505087477318133153e-29
29  -8.31870287670152607723e-28
30   4.01662125136036601665e-26
31  -1.83971182051158727338e-24
32   7.98673126505453526988e-23
33  -3.28267758069060888331e-21
34   1.27576167795493943756e-19
35  -4.68243904795495847750e-18
36   1.88517752128403929884e-16
37  -6.59108267973218735887e-15
38   1.73770535921319700073e-13
39  -4.28159776037086272329e-12
40   9.73854563991710875438e-11
41  -2.01938117502904197216e-09
42   3.78266176333355001512e-08
43  -6.32712013106147259444e-07
44   9.31366964502943204044e-06
45  -1.18396173295241257935e-04
46   1.26699945912928102487e-03
47  -1.10058845538656014523e-02
48   7.33531191131849280573e-02
49  -3.39623499717910781737e-01
50   8.70807038865077154277e-01
51  -3.39623499717912280538e-01
52   7.33531191131865933919e-02
53  -1.10058845538657645163e-02
54   1.26699945912964835257e-03
55  -1.18396173294525752263e-04
56   9.31366964127971543876e-06
57  -6.32712011874998846653e-07
58   3.78266151201562606107e-08
59  -2.01938058649312938258e-09
60   9.73826917757630397239e-11
61  -4.28329522264718512096e-12
62   1.74361348790619306078e-13
63  -6.51424635706987197633e-15
64   1.90537724504718390402e-16
65  -5.42352728134142898920e-18
66   1.28447427162950217270e-19
67  -3.30774776037525246323e-21
68   8.05494174847429479456e-23
69  -1.85731226057326851188e-24
70   4.05980046282625716248e-26
71  -8.41964055160123998830e-28
72   1.65767534975404374818e-29
73  -3.09563136512001735623e-31
74   5.66712053798637604685e-33
75  -1.38730573772433426708e-35
76   3.79505541033223353651e-35
77   1.76031269136603018246e-35
78   8.71095654329778204739e-36
79   4.40280575983086830194e-36
80   2.27286447189597575287e-36
81   1.19686491386713492303e-36
82   6.42174458879601058372e-37
83   3.50707487700450368591e-37
84   1.94762181483071668205e-37
85   1.09887271781488692417e-37
86   6.29387218864796787331e-38
87   3.65668092756444872019e-38
88   2.15352285455986524699e-38
89   1.28475833854058020226e-38
90   7.75959202463905749472e-39
91   4.74193599813686599843e-39
92   2.93050249724872546007e-39
93   1.83055737584437946467e-39
94   1.15525627866978977293e-39
95   7.36275277632682174340e-40
96   4.73647913735587069775e-40
97   3.07943845637281662211e-40
98   1.97106073956539775082e-40
99   1.61878465493844697630e-40
