%%MatrixMarket matrix coordinate real general
200 200 400
1 2   2.23986471495652116059e-02
1 1   7.09021599827868408139e-03
2 2   3.07816382225405901774e-02
2 1   1.04331496225438732917e-02
3 1   1.37557153159016069127e-02
3 2   3.89034709590968946769e-02
4 1   1.70548310804590520784e-02
4 2   4.67375976826842134959e-02
5 2   5.42590431477686443995e-02
5 1   2.03274497131134476713e-02
6 1   2.35705613088822291123e-02
6 2   6.14444557854484929571e-02
7 1   2.67811957210893035464e-02
7 2   6.82721528254661563784e-02
8 2   7.47221592882543889091e-02
8 1   2.99564249766240651984e-02
9 1   3.30933656446494445236e-02
9 2   8.07762408572360313119e-02
10 2   8.64179306577813471923e-02
10 1   3.61891811571036572936e-02
11 2   9.16325499851277230912e-02
11 1   3.92410840794011478438e-02
12 1   4.22463383297997999155e-02
12 2   9.64072230390137507872e-02
13 1   4.52022613459169761430e-02
13 2   1.00730885737829456428e-01
14 2   1.04594288699684581645e-01
14 1   4.81062261969522966809e-02
15 1   5.09556636402035481592e-02
15 2   1.07989994491910629160e-01
16 2   1.10912369264131643876e-01
16 1   5.37480641205166503882e-02
17 2   1.13357568893129909138e-01
17 1   5.64809797113581396610e-02
18 1   5.91520259962448891056e-02
18 2   1.15323519780277231050e-01
19 2   1.16809894454281859577e-01
19 1   6.17588838893169192468e-02
20 2   1.17818082143399976980e-01
20 1   6.42993013938938651197e-02
21 1   6.67710952978934346724e-02
21 2   1.18351154492048402100e-01
22 1   6.91721528050617956440e-02
22 2   1.18413826606915323358e-01
23 2   1.18012413627232276570e-01
23 1   7.15004331009970461874e-02
24 1   7.37539688530116505083e-02
24 2   1.17154783022731787123e-01
25 2   1.15850302831081830579e-01
25 1   7.59308676429315126954e-02
26 2   1.14109786054140530109e-01
26 1   7.80293133319798076775e-02
27 1   8.00475673569483736625e-02
27 2   1.11945431439288894948e-01
28 1   8.19839699569125668344e-02
28 2   1.09370760878306882979e-01
29 2   1.06400553661796987148e-01
29 1   8.38369413297998106183e-02
30 1   8.56049827181814965149e-02
30 2   1.03050777832011719592e-01
31 2   9.93385188810970293227e-02
31 1   8.72866774237001097347e-02
32 2   9.52819060452305549580e-02
32 1   8.88806917496236248422e-02
33 1   9.03857758710312347850e-02
33 2   9.09000364479154859820e-02
34 2   8.62128973478038518330e-02
34 1   9.18007646322489545554e-02
35 1   9.31245782711460912129e-02
35 2   8.12412867478133904342e-02
36 1   9.43562230700136228556e-02
36 2   7.60067326230767642548e-02
37 2   7.05314110253057041655e-02
37 1   9.54947919327577693371e-02
38 1   9.65394648882276773527e-02
38 2   6.48380633205927758844e-02
39 2   5.89499128164375288397e-02
39 1   9.74895095195390526399e-02
40 1   9.83442813193046161402e-02
40 2   5.28905810319093006022e-02
41 2   4.66840038623779346461e-02
41 1   9.91032239707558687547e-02
42 2   4.03543478871232208505e-02
42 1   9.97658695547792573333e-02
43 1   1.00331838682948176755e-01
43 2   3.39259270644449856258e-02
44 2   2.74231200546143534524e-02
44 1   1.00800840556688683924e-01
45 2   2.08702884061661361748e-02
45 1   1.01172672952775266619e-01
46 1   1.01447222135401832199e-01
46 2   1.42916958356364663663e-02
47 2   7.71142882494588784853e-03
47 1   1.01624462695126108192e-01
48 1   1.01704457315039534238e-01
48 2   1.15331875420595655023e-03
49 1   1.01687356464571013182e-01
49 2  -5.35913421917049315885e-03
50 1   1.01573398021380684186e-01
50 2  -1.18028353315431967785e-02
51 2  -1.81551672385902515550e-02
51 1   1.01362906821858764217e-01
52 2  -2.43940597078296239619e-02
52 1   1.01056294140785443703e-01
53 1   1.00654057100768898336e-01
53 2  -3.04980567992393369892e-02
54 1   1.00156778012121902566e-01
54 2  -3.64463813640647296688e-02
55 2  -4.22189967012307418304e-02
55 1   9.95651236438940129281e-02
56 1   9.88798444268166043525e-02
56 2  -4.77966652203983544123e-02
57 1   9.81017735889749692424e-02
57 2  -5.31610039706440773433e-02
58 2  -5.82945369039095245833e-02
58 1   9.72318262250658066348e-02
59 1   9.62709983001395902535e-02
59 2  -6.31807437528032755925e-02
60 2  -6.78041054129569636943e-02
60 1   9.52203655887900873855e-02
61 2  -7.21501457309519783623e-02
61 1   9.40810825507800568834e-02
62 1   9.28543811441489980174e-02
62 2  -7.62054696097947126265e-02
63 1   9.15415695768879295047e-02
63 2  -7.99577973550006926295e-02
64 2  -8.33959951955392797540e-02
64 1   9.01440309983100873659e-02
65 1   8.86632221312905338673e-02
65 2  -8.65101019251373476449e-02
66 2  -8.92913516207352875309e-02
66 1   8.71006718465851120792e-02
67 2  -9.17321924061993698718e-02
67 1   8.54579796804803837329e-02
68 1   8.37368142970712908690e-02
68 2  -9.38263012406853197378e-02
69 2  -9.55685947222992410177e-02
69 1   8.19389118964912732679e-02
70 2  -9.69552359088930587605e-02
70 1   8.00660745704704773784e-02
71 1   7.81201686066198969227e-02
71 2  -9.79836371689081497838e-02
72 1   7.61031227428821538394e-02
72 2  -9.86524590861627137528e-02
73 2  -9.89616054532932026833e-02
73 1   7.40169263736228655315e-02
74 1   7.18636277088718494754e-02
74 2  -9.89122143992098717957e-02
75 2  -9.85066457063787093151e-02
75 1   6.96453318882487154573e-02
76 2  -9.77484643839757749717e-02
76 1   6.73641990511503613304e-02
77 1   6.50224423647872279419e-02
77 2  -9.66424205729521507147e-02
78 1   6.26223260117087232590e-02
78 2  -9.51944258687535543872e-02
79 2  -9.34115261568916332990e-02
79 1   6.01661631384668368905e-02
80 1   5.76563137670998843154e-02
80 2  -9.13018710656686716121e-02
81 2  -8.88746801491614585311e-02
81 1   5.50951826711464434649e-02
82 2  -8.61402059219945198665e-02
82 1   5.24852172179146592157e-02
83 1   4.98289051787625392187e-02
83 2  -8.31096938755262054643e-02
84 2  -7.97953396127437097896e-02
84 1   4.71287725091608239447e-02
85 1   4.43873811003398649477e-02
85 2  -7.62102432464447365756e-02
86 1   4.16073265043224449489e-02
86 2  -7.23683612121592129141e-02
87 2  -6.82844556536872648866e-02
87 1   3.87912356341770236945e-02
88 1   3.59417644413389109070e-02
88 2  -6.39740415451125060686e-02
89 2  -5.94533317186761584017e-02
89 1   3.30615955718586429501e-02
90 1   3.01534360034513941595e-02
90 2  -5.47391799729522177120e-02
91 2  -4.98490224403282111698e-02
91 1   2.72200146652351177012e-02
92 2  -4.48008173968836298506e-02
92 1   2.42640800420501449863e-02
93 1   2.12883977652755067289e-02
93 2  -3.96129837013334956675e-02
94 2  -3.43043380527890268139e-02
94 1   1.82957481920451338342e-02
95 2  -2.88940312596377910093e-02
95 1   1.52889239747954798487e-02
96 1   1.22707276230651831511e-02
96 2  -2.34014837139079751038e-02
97 2  -1.78463202669988281468e-02
97 1   9.24396905947754213284e-03
98 1   6.21146317184427705638e-03
98 2  -1.22483047036762767584e-02
99 1   3.17602736331832734978e-03
99 2  -6.62727401170891926296e-03
100 1   1.40479102538072563944e-04
100 2  -1.00307264448751135358e-03
101 2   4.60451302658620390679e-03
101 1  -2.89236652431169470254e-03
102 2   1.01758198742380907842e-02
102 1  -5.91969925758339433897e-03
103 1  -8.93871610247574943653e-03
103 2   1.56913725978686247053e-02
104 1  -1.19466237596419187772e-02
104 2   2.11319475344943115414e-02
105 2   2.64786355086683092286e-02
105 1  -1.49406410461851834465e-02
106 1  -1.79180013051342505725e-02
106 2   3.17129035350696072970e-02
107 1  -2.08759548015032582458e-02
107 2   3.68166551910321035446e-02
108 2   4.17722894803554054000e-02
108 1  -2.38117711030489676016e-02
109 1  -2.67227414438507768213e-02
109 2   4.65627580142669653118e-02
110 2   5.11716203403965591567e-02
110 1  -2.96061810688561105609e-02
111 2   5.55830972560565558793e-02
111 1  -3.24594315575410172214e-02
112 1  -3.52798631248619834477e-02
112 2   5.97821219479793899976e-02
113 1  -3.80648768976804205422e-02
113 2   6.37543888069400377372e-02
114 2   6.74863997723737785162e-02
114 1  -4.08119071648691683629e-02
115 1  -4.35184235993263390796e-02
115 2   7.09655080691471845666e-02
116 2   7.41799592060709001018e-02
116 1  -4.61819334501420847294e-02
117 2   7.71189291135073451411e-02
117 1  -4.87999837031912395147e-02
118 1  -5.13701632084391790478e-02
118 2   7.97725593055311071877e-02
119 2   8.21319889604975733599e-02
119 1  -5.38901047722840226273e-02
120 2   8.41893838225766244499e-02
120 1  -5.63574872132741044872e-02
121 1  -5.87700373795720792947e-02
121 2   8.59379618357671154483e-02
122 1  -6.11255321265647549867e-02
122 2   8.73720154311068836206e-02
123 2   8.84869303972227322364e-02
123 1  -6.34218002530461261168e-02
124 1  -6.56567243944330275474e-02
124 2   8.92792012739929974341e-02
125 2   8.97464432188923161293e-02
125 1  -6.78282428715014512610e-02
126 2   8.98874003055389891870e-02
126 1  -6.99343514931675541701e-02
127 1  -7.19731053118673053115e-02
127 2   8.97019502240492261347e-02
128 1  -7.39426203301280782210e-02
128 2   8.91911053629828448619e-02
129 2   8.83570102629218645518e-02
129 1  -7.58410751569574964615e-02
130 1  -7.76667126127136842051e-02
130 2   8.72029354420368746359e-02
131 2   8.57332676043365687901e-02
131 1  -7.94178412811552131290e-02
132 2   8.39534962516315791392e-02
132 1  -8.10928370074141396939e-02
133 1  -8.26901443406674041547e-02
133 2   8.18701967305597994029e-02
134 2   7.94910097562874784494e-02
134 1  -8.42082779203278258828e-02
135 1  -8.56458238046166886459e-02
135 2   7.68246174646910473527e-02
136 1  -8.70014407404170742044e-02
136 2   7.38807160549100894187e-02
137 2   7.06699850941247265101e-02
137 1  -8.82738613733561050534e-02
138 1  -8.94618933971047525233e-02
138 2   6.72040535662233040615e-02
139 2   6.34954627556553047318e-02
139 1  -9.05644206409291219195e-02
140 1  -9.15804040945733949242e-02
140 2   5.95576260672025237231e-02
141 2   5.54047858916007288088e-02
141 1  -9.25088828695963816262e-02
142 2   5.10519676359072402394e-02
142 1  -9.33489750963357456381e-02
143 1  -9.40998787557173477225e-02
143 2   4.65149310461891868362e-02
144 2   4.18101189584961299706e-02
144 1  -9.47608724451751704976e-02
145 2   3.69546036221508819586e-02
145 1  -9.53313160779982043946e-02
146 1  -9.58106515154667354173e-02
146 2   3.19660307471186233563e-02
147 2   2.68625614345875084188e-02
147 1  -9.61984031311914483675e-02
148 1  -9.64941783071184555620e-02
148 2   2.16628121568730354352e-02
149 1  -9.66976678607129325194e-02
149 2   1.63857929593499672405e-02
150 1  -9.68086464028866111597e-02
150 2   1.10508440632745025961e-02
151 2   5.67757105409384590228e-03
151 1  -9.68269726262808300143e-02
152 2   2.85778845102452414700e-04
152 1  -9.67525895235779587189e-02
153 1  -9.65855245355535657614e-02
153 2  -5.10459538888606654400e-03
154 1  -9.63258896286440374768e-02
154 2  -1.04735501088741560921e-02
155 2  -1.58010879372305658441e-02
155 1  -9.59738813018509023811e-02
156 1  -9.55297805228567803448e-02
156 2  -2.10672846053627620122e-02
157 1  -9.49939525932846640099e-02
157 2  -2.62523581146447484991e-02
158 2  -3.13367378994970496864e-02
158 1  -9.43668469430779532914e-02
159 1  -9.36489968540370892880e-02
159 2  -3.63011337798236632946e-02
160 2  -4.11266044888748058539e-02
160 1  -9.28410191126018830010e-02
161 2  -4.57946255620310382906e-02
161 1  -9.19436135920170399816e-02
162 1  -9.09575627640770018045e-02
162 2  -5.02871563719966829797e-02
163 1  -8.98837311406964767357e-02
163 2  -5.45867060964611156004e-02
164 2  -5.86763984054323728401e-02
164 1  -8.87230646456072941097e-02
165 1  -8.74765899165309557262e-02
165 2  -6.25400346571648169114e-02
166 2  -6.61621553939177736714e-02
166 1  -8.61454135382390961961e-02
167 2  -6.95280999316564563006e-02
167 1  -8.47307212069565857115e-02
168 1  -8.32337768266172700615e-02
168 2  -7.26240638412778694022e-02
169 2  -7.54371541229770375958e-02
169 1  -8.16559215375385893942e-02
170 2  -7.79554418799826842612e-02
170 1  -7.99985726781281963893e-02
171 1  -7.82632226802923575137e-02
171 2  -8.01680123030624747216e-02
172 1  -7.64514378992618426345e-02
172 2  -8.20650117829373887401e-02
173 2  -8.36376919740228902400e-02
173 1  -7.45648573786058393997e-02
174 1  -7.26051915512540418929e-02
174 2  -8.48784506397435856151e-02
175 2  -8.57808691170200005027e-02
175 1  -7.05742208773968010549e-02
176 2  -8.63397462453976555219e-02
176 1  -6.84737944201831288948e-02
177 1  -6.63058283601857118006e-02
177 2  -8.65511286146632002891e-02
178 1  -6.40723044496507576628e-02
178 2  -8.64123369936571489314e-02
179 2  -8.59219888123256975154e-02
179 1  -6.17752684075972696709e-02
180 1  -5.94168282568796474186e-02
180 2  -8.50800165788486856266e-02
181 2  -8.38876821239047110179e-02
181 1  -5.69991526043729865303e-02
182 2  -8.23475865747800295225e-02
182 1  -5.45244688654876255574e-02
183 1  -5.19950614342628986142e-02
183 2  -8.04636759730649880895e-02
184 2  -7.82412424610943318948e-02
184 1  -4.94132698003371950701e-02
185 1  -4.67814866141341156869e-02
185 2  -7.56869209740492765448e-02
186 1  -4.41021557016466891898e-02
186 2  -7.28086813867250687293e-02
187 2  -6.96158160763582778419e-02
187 1  -4.13777700302462164705e-02
188 1  -3.86108696269807302737e-02
188 2  -6.61189228755619529121e-02
189 2  -6.23298834023295750262e-02
189 1  -3.58040394508708156862e-02
190 1  -3.29599072207488880126e-02
190 2  -5.82618367671873249591e-02
191 2  -5.39291486708915260295e-02
191 1  -3.00811412002288079692e-02
192 2  -4.93473759195355507479e-02
192 1  -2.71704479414266418524e-02
193 1  -2.42305699890929399087e-02
193 2  -4.45332263975324812999e-02
194 2  -3.95045145526334157138e-02
194 1  -2.12642835468510663088e-02
195 2  -3.42801124609023941114e-02
195 1  -1.82743961072718008598e-02
196 1  -1.52637440475463063982e-02
196 2  -2.88798965533594159671e-02
197 2  -2.33246900997964509705e-02
197 1  -1.22351901925541253768e-02
198 1  -9.19162134715079820468e-03
198 2  -1.76362015590216490712e-02
199 1  -6.13594579953405036554e-03
199 2  -1.18369589184777346952e-02
200 1  -3.07109079757067514674e-03
200 2  -5.95024015975927165339e-03
