%%MatrixMarket vector coordinate real general
420
1   1.66852821193809361944e+01
2   4.12923910344362443681e+00
3  -8.96411995205116340912e+00
4   4.63516825761462030187e+01
5   9.06896655468375101350e+00
6   1.42947427915172098345e+00
7   2.42151123197600064429e+01
8   1.05374201496127888333e+01
9   8.70831531762654620366e+00
10   2.97739181804032693179e+00
11   7.46176555866947754936e+00
12   1.51326057293640623413e+01
13   3.08309944537446067869e+00
14  -4.86806707504444258205e+00
15   2.57003038291251009184e+01
16   1.11735904201889667320e+02
17  -1.57004356324949494450e+01
18   5.82819024964324015059e+01
19   5.63965149378895080901e+00
20  -1.19495556640137383653e+01
21   1.64582959345384693961e+02
22   1.07701172045768878149e+01
23   1.31162823862726778401e+01
24  -2.93403724956414446723e+00
25   1.39251783893644017098e+02
26  -3.03645654468561287942e+00
27   1.99298261353522462969e+02
28   1.93096905148601827307e+00
29  -2.20213316056136676480e+01
30   5.71083414148706580704e+01
31   1.40250541599202751541e+01
32   1.17151615368810513296e+00
33   1.09701396558184043784e+02
34   1.78438218482888402150e+01
35   3.75651765079940691550e+00
36   1.31065960206169105362e+01
37   7.43263013715438436435e+00
38   9.19073492687608428753e+00
39   1.04166774491830746996e+01
40   1.23343253663661194253e+01
41   1.46829189848911116911e+01
42   2.83754272779585337005e+00
43   2.88213484619303672574e+00
44   8.67571132473002748497e+00
45   1.03794575659547533064e+02
46   2.93351164869632441423e+00
47   2.16117430085690813257e+02
48  -1.05230724328189095829e+00
49   2.73802346005034166865e+02
50   9.60147382251784442531e+00
51  -9.96450845057980671982e+00
52  -4.99079670360868288270e+00
53   2.53743806957920241985e+02
54   2.34759919893923722611e+02
55   5.12900853787157373631e+00
56  -1.79957144089077907267e+01
57   1.87053449569801728103e+02
58   5.16182343769533957811e+00
59  -2.73069784824191614803e+01
60   6.34563344586099589151e+01
61   1.12425551534054406488e+01
62   1.79291028455166667754e+00
63   1.75357729731653876115e+02
64   7.37238961334982967344e+00
65  -6.57016765401253266532e+00
66   3.13967047559110483235e+02
67   8.32268460141696309051e+00
68  -1.58291190250210128676e-01
69   3.42970052241056521325e+02
70   8.91506669151340247481e+00
71   4.40111954168599339710e+00
72   2.90752667465348793030e+02
73   9.66451647311490447123e+00
74   6.25436459711203518452e+00
75   2.25269004144023796243e+02
76   1.07227016548508107263e+01
77   5.54720040498965527576e+00
78   1.40756959795980264971e+02
79   1.04575869621328312320e+01
80   4.11024383676853322100e+00
81   6.10472832502561004731e+01
82   1.23452314277584633828e+01
83   2.87935465702162352031e+00
84   9.60175968435735160966e-01
85   3.09403280672864555711e+00
86   1.78258262600050976232e+00
87  -2.94514340092836910401e+01
88  -1.77906697898305381500e+01
89   6.63074119204080574264e+01
90   2.45544236746134515670e+02
91   4.46017362823136576111e+00
92   2.90593808203690073810e+00
93   2.43551874407919966004e+00
94  -2.98945331585794988882e+01
95   7.53638423464466598034e+01
96  -1.82181160740831167288e+01
97   2.80185432920707910398e+02
98  -8.29457657551656879491e+00
99   3.44691247118500825763e+02
100   6.57770844641930541030e+00
101   7.43261194723248319605e+00
102   4.64169266587414242053e+00
103  -1.14064651981808906633e+00
104   3.69033332447058626258e+02
105   3.71771387059570656675e+02
106   7.67078880015559594341e+00
107   7.36828796484757742036e+00
108   3.11724444794473640741e+02
109   7.62654395577690813468e+00
110   1.02572243321366407542e+01
111   2.34693828653101775217e+02
112   9.00534723607097831177e+00
113   8.45340738757262499803e+00
114   8.61612591909846692317e+00
115   8.44685833187381618359e+00
116   1.68555889658997699598e+02
117   1.06745941259757756825e+02
118   6.45242660584885729946e+00
119   7.91774234162779588786e+00
120   3.64085624044579736491e+00
121   6.10280713927837137334e+00
122  -9.64099035939221638003e-01
123   5.05955039121075174080e+01
124   5.22323389611795629861e+00
125  -3.20541226351513186543e+00
126   4.04707355818506982814e+02
127   6.70542290206916380413e+00
128   5.17773062793139260407e+00
129   3.95707711098260404015e+02
130   5.27924479024786119652e+00
131   5.51537739499020762679e+00
132   7.57880055073646108355e+00
133   1.34231192811182395985e+01
134   1.28611904080805423689e+01
135   2.25621316946026638561e+02
136   1.82447665357872807590e+02
137   6.85237260364509559452e+00
138   1.24136787943380539900e+01
139   1.33055558233923648004e+02
140   5.33419465973379658408e+00
141   3.94304542686440973043e+00
142   8.83591577799714400498e+00
143   1.09342789854745277012e+01
144  -2.34708884875994483465e+00
145   5.93501789347887509507e+01
146   4.40538023045061155614e+00
147  -1.17504810166292195106e+01
148   3.73192292758301732647e+02
149   2.27655576169371176576e+00
150   3.77452746698521757196e+00
151  -2.09808715573508486330e+01
152  -3.37037394632667499650e+01
153   2.77290515638357703665e+02
154   7.40781100014271487453e+01
155   1.25886895745229825394e+01
156   3.20697598829132573428e+02
157   3.22710985344260814500e+00
158   4.06606890079938310123e+00
159  -2.16048834770921871495e+01
160   4.18093214980348726328e+00
161   3.50328294962869835061e+00
162  -2.09663725205656170658e+01
163   4.89723594192379607648e+00
164  -8.49898273279809224334e+00
165   4.20879912267850500029e+02
166   3.85626815862622152054e+00
167   3.27199102598461966096e+00
168   4.30310957293289902736e+02
169   4.76189114469253826911e+00
170   1.05039244745344628740e+01
171   3.67451819035781284128e+02
172   4.27012966480038969053e+00
173   2.90128132697075002966e+00
174   1.82867178487010733079e+01
175   1.84304656134833990677e+01
176   2.17198807607525679941e+02
177   1.35954333523910293025e+02
178   3.69195219264483798227e+00
179   1.57996951366179239074e+01
180   1.24891893024824483405e+02
181   4.16548691399033454985e+00
182   1.47632888527430843340e+01
183   7.17821925911665630338e+01
184   3.62280290223561340923e+00
185   1.40759867451742817224e+01
186   1.01797666714445500524e+00
187   1.89862211259225932558e+00
188  -2.25091283160316386613e+01
189   2.72932502416678687496e+02
190   5.11924940605937717208e+00
191  -3.58339077148488271973e+01
192   7.60420087306327587839e+01
193   1.79108840337807606602e+00
194   1.72106852789234920920e+00
195  -3.89065931852990658513e+01
196   3.49727094942586180792e+00
197   4.93041915842138411818e+00
198  -4.05176163571464520441e-01
199  -1.13565381359364323544e+01
200   4.61881770326046023456e+02
201   4.27439459503433795362e+02
202   2.60280256388682929014e+00
203   5.32595607988378816344e+00
204  -1.97930199574380516481e+01
205  -3.93151137985432939104e+01
206   3.27611717345863610262e+02
207   9.32255243232664128072e+01
208   4.20076545857834915410e+00
209   8.11693324158520468359e+00
210   4.32196366470825921624e+02
211   4.38532956587408317972e+00
212   2.73029037633542337460e+00
213   2.17401021165684547043e+01
214   1.43832915002754546663e+01
215   2.22897327610595425540e+02
216   3.49582284654812724511e+02
217   5.92387792112664079980e+00
218   1.80802119507068148607e+01
219   2.83441678305755942802e+02
220   2.22921494593229851944e+00
221   2.33118585657818400136e+01
222   1.26128292199501323978e+01
223   3.51461577884131814997e+00
224   2.02427073371530923396e+01
225   1.20727998612695923697e+01
226   3.39958005291867326747e+00
227   1.77653840635787929614e+01
228   7.17059140938660410924e-01
229   2.73156519949430043326e+00
230   2.41080473485961945812e+01
231   2.15283899546102546196e+01
232   3.69417135668451823705e+00
233   3.27707862309017583513e+00
234   4.82274369338413407604e+02
235   2.44093576146546320516e+00
236   4.53758445708346502823e-01
237  -9.66201085183169539050e+00
238  -2.36721811116322307100e+01
239   4.61408744979560765387e+02
240   3.19991556964162953136e+02
241   2.84057723995766542302e+00
242  -4.26075614155620385759e+01
243   8.11338801034723502426e+01
244   3.78470939798580463531e+00
245  -2.80697129028450369503e+01
246   2.23751245479841657016e+02
247   3.78199026067429544540e+00
248   1.17986361455923454145e+01
249   4.15867531809333570436e+02
250   2.91931313167649220119e+00
251   1.81079898616498482511e+01
252   3.25392930466076734319e+02
253   2.87026066220274600482e+00
254   2.55402668142644522220e+01
255   1.44159326628092998135e+02
256   3.99890771832454339219e+00
257   2.92741962335751324531e+01
258   2.65322840991439932168e+01
259   2.64526764753536625108e+00
260   8.50941900485927993358e-01
261   2.28182611179218817199e+01
262   1.44722337161785876702e+01
263   2.66681069120239612857e+02
264   4.15087682280771957721e+02
265   2.33419407640589460229e+00
266   7.84038250844760931102e+00
267   4.75377809914380407008e+02
268   1.60893264974351768437e+00
269   1.39608226897631637620e+00
270  -1.42632088435505477442e+00
271  -1.44217258400667649454e+01
272  -2.57989447257793891310e+01
273   4.20097625008946806702e+02
274   2.93271514972911290897e+02
275   6.26751372479451340780e+00
276  -3.87911850960074886530e+01
277   9.63028305868195673156e+01
278  -3.03801617509429400243e+00
279   4.88577446457035136973e+02
280   2.16899043507403987974e+00
281   2.80545625363165784805e+00
282   3.22838820495313782999e+01
283   2.42442085861337268682e+01
284   2.01685544990055340975e+01
285   1.94855338744602221368e+02
286   3.90761076626823800062e-01
287   1.68751748197339743740e+01
288   3.75552309678790663838e+02
289   1.40242784523616692560e+00
290   4.52398236890816463074e+00
291   2.61507922040298588229e+01
292   3.20809454466525352245e+01
293   2.18880516419924077809e+02
294   3.73943154799791486198e+01
295   3.46121328926532134673e+00
296   3.04793064961643871413e+01
297   2.67954006236867847690e+01
298  -1.76194380159077679249e-01
299   2.51384277954728796445e+00
300   4.88271018673383480291e+02
301  -8.83624793703221889096e-01
302   1.25914524583416209680e+01
303   4.44067988388905860120e+02
304  -3.16100368656783992094e+00
305  -6.97641725165493387095e+00
306   4.81496008944339166646e+02
307   5.57724588704437085340e-01
308  -1.90990391676439230650e+01
309   3.74812710158781669634e+02
310   1.64721570716211251906e+00
311  -4.13067824663417297870e+01
312   9.53095007332961898783e+01
313  -4.45662978451314728545e+00
314  -5.03853098625854123327e+00
315   1.30875788767112144484e+01
316   5.36067913091195968889e+00
317   4.26073832674307425350e+02
318   4.68602012704990784187e+02
319  -5.57640146009558179685e+00
320  -1.42118370720337350299e+00
321  -1.85694197994970200405e+00
322  -1.05501735425496114829e+01
323   4.60694698001605729587e+02
324   3.92229542441811190656e+02
325   1.84403255125078574528e-01
326  -2.45658594321442720343e+01
327   2.95235212930821433019e+02
328   4.88070340603571040106e+00
329  -3.82189935507237379397e+01
330   1.03683717256782713889e+02
331   1.24251024155749928424e-01
332   2.18240054150201459038e+01
333   3.00818868856454457728e+02
334  -1.96640946856176657143e+00
335   1.31104047441774063110e+00
336   3.03790587573495116658e+01
337   4.33160839803368205025e+01
338   2.29533650650410159244e+01
339   2.12111514949967272514e+02
340  -1.13594162873591439933e+01
341  -1.93505951111954672683e+01
342   3.23336067112905034548e+00
343   4.04249685289497140417e+00
344   3.42803058840029734711e+02
345   4.11903298411178980132e+02
346  -8.68623494738693757711e+00
347   1.15247168470900227533e+01
348   3.19492155324799398386e+02
349  -3.56874733648882225268e+00
350   1.98999651139239936981e+01
351   1.75644102233126432111e+02
352   3.05637980116189167390e+00
353   3.19155897451172982926e+01
354   4.16930809902284806867e+01
355  -4.30354216589553928429e+00
356   1.72484267302532998656e+01
357   3.27738150577022850030e+02
358  -1.04726656401450135547e+01
359  -9.70378365963841282849e+00
360  -7.65673094211851434920e+00
361  -1.49524981348333335651e-01
362   3.46217191222049791577e+02
363   3.94721627171308909965e+02
364   4.17987836995310058086e+00
365  -7.81250905691665842312e+00
366  -2.02849476714352832118e+01
367   2.46546216844462122708e+02
368  -4.38763249171860252318e+01
369   1.07858664872464601103e+02
370  -1.99285106590950711336e+01
371   6.12954626709992655975e+00
372   2.63082753429641286402e+02
373  -3.25406164394451309363e+01
374   1.74808617615821715319e+00
375   9.96004925682785398067e+01
376  -3.89775887305027382013e+01
377  -2.23734733646821410957e+01
378   3.54430891942380066340e+00
379   1.55067928298493762362e+00
380   1.04620499886193471184e+02
381   2.69102027908850061522e+02
382  -1.90094107672643630735e+01
383  -2.29221543011781356824e+01
384  -1.71018954713989734806e+00
385  -7.31216531194939545202e+00
386   1.26715634760641734147e+02
387   2.39515118267874782987e+02
388  -8.96830492381478805441e+00
389   1.12509745388826303270e+01
390   1.70227938591900510801e+02
391  -1.53452628843875267250e+01
392   8.84607989473651024070e+00
393   2.38310204241398167824e+02
394   2.49791543141346528145e+00
395   1.63241663204424702904e+00
396   2.76127662033794933905e+01
397   1.54036848052341586168e+01
398   4.45863398557185988125e+01
399   4.57399901023719976934e+01
400  -1.39435418624357354567e+00
401  -2.25121446583024322763e+01
402   1.21632597280924883876e+02
403  -3.10671982444370087251e+01
404   3.00944567956536701558e+00
405   8.96337976687103008544e+01
406  -2.49927195623872329122e+01
407   3.30346733388830271494e+00
408   7.57381168698758813207e+01
409  -1.42522028654698207362e+01
410   5.26767029599463665335e+00
411   6.52238003849649174981e+01
412   8.53591587655324346429e+00
413   1.75683473923298869579e+01
414   1.27581304998336477752e+01
415  -4.55307491942323281364e+01
416   4.50555512388496115506e+00
417   1.05913039176643067663e+02
418  -7.83079351000552570383e+00
419  -7.88589053273983875414e+00
420   5.83736871813950486398e+01
