14 4 -5.3333333e-05
15 4  2.6662661e-07
16 4  2.2853137e-09
30 4  2.6666667e-05
31 4  2.6658482e-07
32 4 -2.2850873e-09
12 6  2.6666667e-05
28 6 -2.6666667e-05
10 12  1.5554846e-05
16 12  5.3333333e-10
25 12  1.4222222e-09
26 12 -1.4222222e-09
28 12  6.6666773e-05
30 12 -6.666666700000001e-05
32 12 -5.3333333e-10
8 14  6.6666664e-07
10 14 -4.8888178e-05
15 14  4.2666667e-07
16 14  2.1333333e-09
23 14  2.6652955e-06
24 14 -2.2849479e-10
25 14 -2.6663822e-05
26 14  4.4444444e-06
27 14  6.666666700000001e-05
28 14 -3.3333333e-05
30 14  2.5000107e-05
31 14  1.0666667e-07
32 14 -1.0666667e-09
14 15  4.2666667e-07
16 15 -4.6666667e-06
27 15 -3.2e-07
28 15 -8e-08
29 15  1.2666667e-05
30 15 -1.3333333e-07
31 15 -6.666666700000001e-05
32 15  1.3333333e-06
4 16 -8.7988952e-05
6 16 -2.1333333e-05
8 16 -6.6666664e-06
12 16  5.3333333e-10
14 16  2.1333333e-09
15 16 -4.6666667e-06
16 16 -2.6666667e-08
20 16  5.7319238e-05
22 16 -1.0660571e-05
23 16 -2.6652955e-05
24 16  2.2849479e-09
26 16 -5.5537778e-05
27 16 -2.1333333e-09
28 16 -1.0666667e-09
29 16  1.0666667e-07
30 16 -1.0666667e-09
31 16 -6.6666667e-07
32 16  1.3333333e-08
22 17 -1.3321908e-05
24 17 -5.3552088e-06
21 18 -1.3321908e-05
23 18 -5.3552088e-06
15 19  2.5707004e-05
16 19  2.6658482e-07
32 19  5.3197322e-07
47 19  7.699758400000001e-05
48 19 -7.2251646e-07
14 20  2.6666667e-05
15 20 -2.2851439e-07
16 20 -2.2850873e-09
30 20 -3.788162e-05
31 20  5.3197322e-07
32 20  1.2175917e-08
46 20  7.725856699999999e-06
47 20  7.6040403e-07
48 20 -6.8442906e-09
18 21 -2.2737368e-15
26 21  8.881271799999999e-06
12 22 -2.6666667e-05
17 22 -2.2737368e-15
25 22  8.881271799999999e-06
44 22 -8.000000000000001e-05
18 23  2.6666659e-05
26 23  3.5701392e-06
17 24  2.6666659e-05
25 24  3.5701392e-06
22 25  2.2737368e-15
24 25 -2.6666659e-05
21 26  2.2737368e-15
23 26 -2.6666659e-05
10 27  1.7776356e-05
14 27  6.666666700000001e-05
15 27 -3.2e-07
16 27 -2.1333333e-09
22 27 -4.2666667e-06
25 27  1.7777778e-05
26 27 -8.8803556e-06
28 27 -4.2666667e-10
30 27 -6.666666700000001e-05
31 27  3.2e-07
10 28 -4.4430222e-06
12 28  6.6666773e-05
14 28 -3.3333333e-05
15 28 -8e-08
16 28 -1.0666667e-09
21 28 -4.2666667e-06
25 28  8.8803556e-06
26 28  3.8213915e-06
27 28 -4.2666667e-10
30 28  5.4205607e-05
32 28  7.4666667e-09
41 28 -8.0353961e-06
42 28  1.9021624e-06
43 28 -2.4922545e-05
44 28  9.3461144e-06
46 28 -7.788162e-06
47 28  8e-08
48 28 -2.1333333e-09
8 29 -1.6620969e-05
15 29  1.2666667e-05
16 29  1.0666667e-07
31 29  3.294704e-05
32 29 -6.8785047e-08
40 29 -1.666657e-05
42 29  1.136604e-05
47 29  3.482866e-06
48 29 -3.4392523e-08
8 30 -2.2849479e-10
10 30  4.4444444e-06
12 30 -6.666666700000001e-05
14 30  2.5000107e-05
15 30 -1.3333333e-07
16 30 -1.0666667e-09
23 30 -2.6643815e-06
24 30 -9.134916e-10
25 30  8.886044399999999e-06
26 30 -3.3540047e-07
27 30 -6.666666700000001e-05
28 30  5.4205607e-05
30 30 -3.6137223e-05
31 30 -6.8785047e-08
32 30  1.5152648e-09
39 30  2.6534251e-06
40 30 -6.8402155e-10
41 30 -9.0682582e-07
42 30  3.9984084e-08
43 30 -5.6074766e-06
44 30 -6.2305296e-06
46 30  2.4143611e-06
47 30  3.2647975e-08
48 30 -3.0903427e-10
10 31  4.4444444e-07
14 31  1.0666667e-07
15 31 -6.666666700000001e-05
16 31 -6.6666667e-07
27 31  3.2e-07
29 31  3.294704e-05
30 31 -6.8785047e-08
32 31 -1.1214953e-07
43 31 -9.599999999999999e-07
44 31 -1.6e-07
45 31  3.482866e-06
46 31 -3.4392523e-08
48 31 -5.6074766e-08
4 32  3.0658667e-05
6 32 -5.3272381e-06
8 32  2.2849479e-09
10 32 -8.8888889e-09
12 32 -5.3333333e-10
14 32 -1.0666667e-09
15 32  1.3333333e-06
16 32  1.3333333e-08
22 32  7.4691048e-05
23 32  2.6643815e-05
24 32  9.134916e-09
26 32 -1.4732309e-05
28 32  7.4666667e-09
29 32 -6.8785047e-08
30 32  1.5152648e-09
31 32 -1.1214953e-07
32 32 -5.7819315e-08
36 32  4.4060009e-05
38 32 -2.6648381e-05
39 32 -2.6534251e-05
40 32  6.8402155e-09
41 32  5.5268084e-05
42 32 -2.0447442e-05
43 32 -4.2666667e-09
44 32 -2.6666667e-09
45 32  3.2647975e-08
46 32 -3.0903427e-10
47 32  4.7352025e-07
48 32  1.1090343e-08
31 35  7.699758400000001e-05
32 35  7.6040403e-07
48 35  5.2813322e-07
64 35 -1.2130442e-06
30 36  7.725856699999999e-06
31 36 -7.2251646e-07
32 36 -6.8442906e-09
46 36 -1.5912409e-05
47 36  5.2813322e-07
48 36  2.429332e-08
62 36  4.5942194e-06
63 36  1.2505661e-06
64 36 -1.137058e-08
28 38 -8.000000000000001e-05
26 43  9.6968706e-06
28 43 -2.4922545e-05
30 43 -5.6074766e-06
31 43 -9.599999999999999e-07
32 43 -4.2666667e-09
41 43  4.8182762e-06
42 43 -8.429431400000001e-06
44 43 -1.2461913e-05
46 43 -1.1838006e-05
47 43  9.599999999999999e-07
48 43 -2.1333333e-09
26 44 -2.5252154e-06
28 44  9.3461144e-06
30 44 -6.2305296e-06
31 44 -1.6e-07
32 44 -2.6666667e-09
41 44  9.2601686e-06
42 44  1.7950971e-06
43 44 -1.2461913e-05
44 44 -5.3856327e-05
45 44 -1.0580812e-05
46 44  2.3740653e-05
48 44  1.4933333e-08
57 44 -8.3821766e-06
58 44  2.0185588e-06
59 44 -1.3026223e-05
60 44  5.4277705e-06
62 44 -4.3417897e-06
63 44  1.6e-07
64 44 -3.7333333e-09
24 45 -1.647847e-05
26 45  7.927097000000001e-08
31 45  3.482866e-06
32 45  3.2647975e-08
41 45 -8.700125700000001e-05
42 45 -6.1139201e-05
44 45 -1.0580812e-05
47 45  1.5175447e-05
48 45 -1.4013006e-08
56 45 -1.656938e-05
57 45 -3.9854577e-05
58 45  3.0070767e-06
63 45  2.0686609e-06
64 45 -2.0224662e-08
24 46 -6.8402155e-10
26 46  3.9984084e-08
28 46 -7.788162e-06
30 46  2.4143611e-06
31 46 -3.4392523e-08
32 46 -3.0903427e-10
39 46 -2.650689e-06
40 46 -1.8211318e-09
41 46  7.4688948e-07
42 46  2.7738895e-08
43 46 -1.1838006e-05
44 46  2.3740653e-05
46 46 -1.3877088e-05
47 46 -1.4013006e-08
48 46  6.3649637e-10
55 46  2.6288463e-06
56 46 -1.1351597e-09
57 46 -3.0316157e-07
58 46  8.299623900000001e-09
59 46 -4.2155749e-06
60 46 -3.799066e-06
61 46  7.9040069e-05
62 46  1.3726045e-06
63 46  1.9608734e-08
64 46 -1.8376877e-10
28 47  8e-08
29 47  3.482866e-06
30 47  3.2647975e-08
32 47  4.7352025e-07
41 47 -3.341422e-05
43 47  9.599999999999999e-07
45 47  1.5175447e-05
46 47 -1.4013006e-08
48 47 -6.5986994e-07
59 47 -1.6e-06
60 47 -2.4e-07
61 47  2.0686609e-06
62 47 -2.0224662e-08
64 47 -5.9775338e-07
20 48  1.7442104e-05
22 48 -2.1315048e-05
24 48  6.8402155e-09
26 48  2.4347324e-05
28 48 -2.1333333e-09
29 48 -3.4392523e-08
30 48 -3.0903427e-10
31 48 -5.6074766e-08
32 48  1.1090343e-08
37 48  8.490666699999999e-05
39 48  2.650689e-05
40 48  1.8211318e-08
41 48 -4.7746893e-05
42 48 -8.226495599999999e-06
43 48 -2.1333333e-09
44 48  1.4933333e-08
45 48 -1.4013006e-08
46 48  6.3649637e-10
47 48 -6.5986994e-07
48 48 -9.1698297e-08
52 48  5.2816288e-05
54 48 -4.263619e-05
55 48 -2.6288463e-05
56 48  1.1351597e-08
57 48  4.8518585e-05
58 48 -2.0789974e-05
59 48 -6.4e-09
60 48 -4.2666667e-09
61 48  1.9608734e-08
62 48 -1.8376877e-10
63 48  1.0039127e-06
64 48  1.5171021e-08
48 51  1.2505661e-06
64 51  5.2173322e-07
80 51 -1.6977206e-06
46 52  4.5942194e-06
47 52 -1.2130442e-06
48 52 -1.137058e-08
62 52 -1.0350185e-05
63 52  5.2173322e-07
64 52  3.6293695e-08
78 52  3.2735846e-06
79 52  1.7346939e-06
80 52 -1.5842011e-08
42 59  9.2505345e-06
44 59 -1.3026223e-05
46 59 -4.2155749e-06
47 59 -1.6e-06
48 59 -6.4e-09
57 59  2.8608692e-06
58 59 -8.491347399999999e-06
59 59 -8.5834609e-05
60 59 -8.6848595e-06
62 59 -6.3864698e-06
63 59  1.6e-06
64 59 -4.2666667e-09
42 60 -2.3803746e-06
44 60  5.4277705e-06
46 60 -3.799066e-06
47 60 -2.4e-07
48 60 -4.2666667e-09
57 60  9.0702526e-06
58 60  1.190063e-06
59 60 -8.6848595e-06
60 60 -3.5707011e-05
61 60 -1.8956069e-06
62 60  1.5667413e-05
64 60  2.24e-08
73 60 -8.445310700000001e-06
74 60  2.0500234e-06
75 60 -8.7859585e-06
76 60  3.8440435e-06
78 60 -3.0197332e-06
79 60  2.4e-07
80 60 -5.3333333e-09
40 61 -1.625722e-05
42 61  7.041302e-07
46 61  7.9040069e-05
47 61  2.0686609e-06
48 61  1.9608734e-08
57 61 -3.2302716e-05
58 61 -2.68735e-05
60 61 -1.8956069e-06
62 61  5.8827429e-05
63 61  9.9960568e-06
64 61 -6.0539949e-09
72 61 -1.6392855e-05
73 61 -1.9364906e-05
74 61  1.3270382e-06
78 61 -8.150714e-05
79 61  1.4735652e-06
80 61 -1.4344863e-08
40 62 -1.1351597e-09
42 62  8.299623900000001e-09
44 62 -4.3417897e-06
46 62  1.3726045e-06
47 62 -2.0224662e-08
48 62 -1.8376877e-10
55 62 -2.6243057e-06
56 62 -2.7170691e-09
57 62  2.6996308e-07
58 62  8.962517500000001e-09
59 62 -6.3864698e-06
60 62  1.5667413e-05
61 62  5.8827429e-05
62 62 -9.038186500000001e-06
63 62 -6.0539949e-09
64 62  4.1400742e-10
71 62  2.5917172e-06
72 62 -1.5789836e-09
73 62 -1.495475e-07
74 62  2.9933221e-09
75 62 -3.2490392e-06
76 62 -2.745212e-06
77 62  6.0918081e-05
78 62  9.6648921e-07
79 62  1.4032232e-08
80 62 -1.3094338e-10
44 63  1.6e-07
45 63  2.0686609e-06
46 63  1.9608734e-08
48 63  1.0039127e-06
59 63  1.6e-06
61 63  9.9960568e-06
62 63 -6.0539949e-09
64 63 -7.3946005e-07
75 63 -2.24e-06
76 63 -3.2e-07
77 63  1.4735652e-06
78 63 -1.4344863e-08
80 63 -1.0565514e-06
36 64  2.6283717e-05
38 64 -3.7302857e-05
40 64  1.1351597e-08
42 64  2.3382045e-05
44 64 -3.7333333e-09
45 64 -2.0224662e-08
46 64 -1.8376877e-10
47 64 -5.9775338e-07
48 64  1.5171021e-08
53 64  6.2866286e-05
55 64  2.6243057e-05
56 64  2.7170691e-08
57 64 -4.4474808e-05
58 64 -5.3654295e-06
59 64 -4.2666667e-09
60 64  2.24e-08
61 64 -6.0539949e-09
62 64  4.1400742e-10
63 64 -7.3946005e-07
64 64 -1.3214007e-07
68 64  6.3926637e-05
70 64 -5.8624e-05
71 64 -2.5917172e-05
72 64  1.5789836e-08
73 64  4.6269155e-05
74 64 -2.0865974e-05
75 64 -8.5333333e-09
76 64 -5.8666667e-09
77 64  1.4032232e-08
78 64 -1.3094338e-10
79 64  1.4596777e-06
80 64  1.9976101e-08
67 66 -7.554507e-05
64 67  1.7346939e-06
78 67  8.433059900000001e-05
80 67  5.1277322e-07
96 67 -2.1741684e-06
62 68  3.2735846e-06
63 68 -1.6977206e-06
64 68 -1.5842011e-08
77 68  8.433059900000001e-05
78 68 -7.6986794e-06
79 68  5.1277322e-07
80 68  4.8118526e-08
94 68  2.5435724e-06
95 68  2.2104102e-06
96 68 -2.0236643e-08
90 72  8.2710847e-05
58 75  9.0309559e-06
60 75 -8.7859585e-06
62 75 -3.2490392e-06
63 75 -2.24e-06
64 75 -8.5333333e-09
73 75  2.0377009e-06
74 75 -8.468738599999999e-06
75 75 -6.1142974e-05
76 75 -6.5902155e-06
78 75 -4.347124e-06
79 75  2.24e-06
80 75 -6.4e-09
58 76 -2.3062432e-06
60 76  3.8440435e-06
62 76 -2.745212e-06
63 76 -3.2e-07
64 76 -5.8666667e-09
73 76  8.9079725e-06
74 76  8.9091334e-07
75 76 -6.5902155e-06
76 76 -2.6734227e-05
77 76 -5.8080682e-07
78 76  1.1712701e-05
80 76  2.9866667e-08
89 76 -8.410817200000001e-06
90 76  2.0503966e-06
91 76 -6.6211919e-06
92 76  2.9797284e-06
94 76 -2.3168198e-06
95 76  3.2e-07
96 76 -6.9333333e-09
56 77 -1.5958647e-05
58 77  5.0015086e-07
62 77  6.0918081e-05
63 77  1.4735652e-06
64 77  1.4032232e-08
73 77 -1.6656021e-05
74 77 -1.4921581e-05
76 77 -5.8080682e-07
78 77  3.2258886e-05
79 77  7.4666707e-06
80 77 -3.373224e-09
88 77 -1.6138127e-05
89 77 -1.1333595e-05
90 77  7.3310914e-07
92 77 -9.9292278e-05
94 77 -6.1660449e-05
95 77  1.1448188e-06
96 77 -1.1117918e-08
56 78 -1.5789836e-09
58 78  2.9933221e-09
60 78 -3.0197332e-06
61 78 -8.150714e-05
62 78  9.6648921e-07
63 78 -1.4344863e-08
64 78 -1.3094338e-10
71 78 -2.5854013e-06
72 78 -3.5954521e-09
73 78  1.3757421e-07
74 78  3.8689863e-09
75 78 -4.347124e-06
76 78  1.1712701e-05
77 78  3.2258886e-05
78 78 -6.7281052e-06
79 78 -3.373224e-09
80 78  3.0794717e-10
87 78  2.5422777e-06
88 78 -2.0125675e-09
89 78 -8.8218937e-08
90 78  1.4024503e-09
91 78 -2.6266681e-06
92 78 -2.1513327e-06
93 78  4.9248933e-05
94 78  7.4734301e-07
95 78  1.0929193e-08
96 78 -1.017429e-10
60 79  2.4e-07
61 79  1.4735652e-06
62 79  1.4032232e-08
64 79  1.4596777e-06
75 79  2.24e-06
77 79  7.4666707e-06
78 79 -3.373224e-09
80 79 -7.6626776e-07
91 79 -2.88e-06
92 79 -4e-07
93 79  1.1448188e-06
94 79 -1.1117918e-08
96 79 -1.4888208e-06
52 80  3.7522066e-05
54 80 -5.3290667e-05
56 80  1.5789836e-08
58 80  2.2789978e-05
60 80 -5.3333333e-09
61 80 -1.4344863e-08
62 80 -1.3094338e-10
63 80 -1.0565514e-06
64 80  1.9976101e-08
69 80  4.0484571e-05
71 80  2.5854013e-05
72 80  3.5954521e-08
73 80 -4.3368479e-05
74 80 -4.0140346e-06
75 80 -6.4e-09
76 80  2.9866667e-08
77 80 -3.373224e-09
78 80  3.0794717e-10
79 80 -7.6626776e-07
80 80 -1.7374614e-07
84 80  7.5618525e-05
86 80 -7.461181e-05
87 80 -2.5422777e-05
88 80  2.0125675e-08
89 80  4.4915079e-05
90 80 -2.0754691e-05
91 80 -1.0666667e-08
92 80 -7.4666667e-09
93 80  1.0929193e-08
94 80 -1.017429e-10
95 80  1.8907081e-06
96 80  2.5017429e-08
83 82 -3.0450382e-05
104 82 -9.6811747e-05
80 83  2.2104102e-06
94 83  5.373891e-05
96 83  5.0125322e-07
112 83 -2.6400104e-06
78 84  2.5435724e-06
79 84 -2.1741684e-06
80 84 -2.0236643e-08
93 84  5.373891e-05
94 84 -6.1357474e-06
95 84  5.0125322e-07
96 84  5.9709301e-08
110 84  2.0800512e-06
111 84  2.675338e-06
112 84 -2.4532532e-08
74 88  8.2710847e-05
106 88  6.4541165e-05
74 91  8.8521162e-06
76 91 -6.6211919e-06
78 91 -2.6266681e-06
79 91 -2.88e-06
80 91 -1.0666667e-08
89 91  1.5830429e-06
90 91 -8.3909471e-06
91 91 -4.7506646e-05
92 91 -5.2977215e-06
94 91 -3.2886166e-06
95 91  2.88e-06
96 91 -8.5333333e-09
74 92 -2.2489812e-06
76 92  2.9797284e-06
77 92 -9.9292278e-05
78 92 -2.1513327e-06
79 92 -4e-07
80 92 -7.4666667e-09
89 92  8.743986299999999e-06
90 92  7.1214003e-07
91 92 -5.2977215e-06
92 92 -2.1372734e-05
93 92 -2.3445856e-07
94 92  9.3566404e-06
96 92  3.7333333e-08
105 92 -8.319419100000001e-06
106 92  2.0330375e-06
107 92 -5.310226e-06
108 92  2.4340491e-06
109 92  9.9526737e-05
110 92 -1.8799495e-06
111 92  4e-07
112 92 -8.5333333e-09
72 93 -1.5584687e-05
74 93  3.4638647e-07
78 93  4.9248933e-05
79 93  1.1448188e-06
80 93  1.0929193e-08
89 93 -1.0067195e-05
90 93 -9.4013175e-06
92 93 -2.3445856e-07
94 93  2.0408494e-05
95 93  5.9622679e-06
96 93 -2.1495564e-09
104 93 -1.5806843e-05
105 93 -7.3729703e-06
106 93  4.5905603e-07
108 93 -8.2938948e-05
110 93 -4.9546269e-05
111 93  9.3613832e-07
112 93 -9.077425400000001e-09
72 94 -2.0125675e-09
74 94  1.4024503e-09
76 94 -2.3168198e-06
77 94 -6.1660449e-05
78 94  7.4734301e-07
79 94 -1.1117918e-08
80 94 -1.017429e-10
87 94 -2.5342275e-06
88 94 -4.4504294e-09
89 94  8.2609136e-08
90 94  2.0000855e-09
91 94 -3.2886166e-06
92 94  9.3566404e-06
93 94  2.0408494e-05
94 94 -5.3644437e-06
95 94 -2.1495564e-09
96 94  2.4542989e-10
103 94  2.4808496e-06
104 94 -2.4329857e-09
105 94 -5.7666978e-08
106 94  7.6650566e-10
107 94 -2.200175e-06
108 94 -1.7693642e-06
109 94  4.1252387e-05
110 94  6.0966855e-07
111 94  8.9512219e-09
112 94 -8.3202046e-11
76 95  3.2e-07
77 95  1.1448188e-06
78 95  1.0929193e-08
80 95  1.8907081e-06
91 95  2.88e-06
93 95  5.9622679e-06
94 95 -2.1495564e-09
96 95 -7.785044399999999e-07
107 95 -3.52e-06
108 95 -4.8e-07
109 95  9.3613832e-07
110 95 -9.077425400000001e-09
112 95 -1.9092257e-06
68 96  4.938462e-05
70 96 -6.927847600000001e-05
72 96  2.0125675e-08
74 96  2.2296027e-05
76 96 -6.9333333e-09
77 96 -1.1117918e-08
78 96 -1.017429e-10
79 96 -1.4888208e-06
80 96  2.5017429e-08
85 96  1.7761524e-05
87 96  2.5342275e-05
88 96  4.4504294e-08
89 96 -4.2567219e-05
90 96 -3.2277699e-06
91 96 -8.5333333e-09
92 96  3.7333333e-08
93 96 -2.1495564e-09
94 96  2.4542989e-10
95 96 -7.785044399999999e-07
96 96 -2.1578763e-07
100 96  8.7374167e-05
102 96 -9.0599619e-05
103 96 -2.4808496e-05
104 96  2.4329857e-08
105 96  4.3791839e-05
106 96 -2.051121e-05
107 96 -1.28e-08
108 96 -9.066666700000001e-09
109 96  8.9512219e-09
110 96 -8.3202046e-11
111 96  2.3104878e-06
112 96  3.0165354e-08
88 98 -9.6811747e-05
99 98 -1.4532862e-05
120 98 -7.741045100000001e-05
96 99  2.675338e-06
110 99  3.7231878e-05
112 99  4.8717322e-07
128 99 -3.0928697e-06
94 100  2.0800512e-06
95 100 -2.6400104e-06
96 100 -2.4532532e-08
109 100  3.7231878e-05
110 100 -5.1027266e-06
111 100  4.8717322e-07
112 100  7.1007504e-08
126 100  1.7595311e-06
127 100  3.1271001e-06
128 100 -2.8707736e-08
90 104  6.4541165e-05
122 104  5.1606968e-05
90 107  8.673292e-06
92 107 -5.310226e-06
94 107 -2.200175e-06
95 107 -3.52e-06
96 107 -1.28e-08
105 107  1.294459e-06
106 107 -8.2706863e-06
107 107 -3.8852544e-05
108 107 -4.4259705e-06
110 107 -2.6425161e-06
111 107  3.52e-06
112 107 -1.0666667e-08
90 108 -2.1952292e-06
92 108  2.4340491e-06
93 108 -8.2938948e-05
94 108 -1.7693642e-06
95 108 -4.8e-07
96 108 -9.066666700000001e-09
105 108  8.5655804e-06
106 108  5.9318569e-07
107 108 -4.4259705e-06
108 108 -1.7805811e-05
109 108 -1.1218626e-07
110 108  7.7911848e-06
112 108  4.48e-08
121 108 -8.1851535e-06
122 108  2.0029165e-06
123 108 -4.4319538e-06
124 108  2.0578909e-06
125 108  8.305113399999999e-05
126 108 -1.5819264e-06
127 108  4.8e-07
128 108 -1.0133333e-08
88 109 -1.5137792e-05
90 109  2.4788445e-07
92 109  9.9526737e-05
94 109  4.1252387e-05
95 109  9.3613832e-07
96 109  8.9512219e-09
105 109 -6.6815851e-06
106 109 -6.4061665e-06
108 109 -1.1218626e-07
110 109  1.4084693e-05
111 109  4.9635842e-06
112 109 -1.4892751e-09
120 109 -1.5401161e-05
121 109 -5.1319378e-06
122 109  3.1107673e-07
124 109 -7.1186686e-05
126 109 -4.139409e-05
127 109  7.9185871e-07
128 109 -7.670251499999999e-09
88 110 -2.4329857e-09
90 110  7.6650566e-10
92 110 -1.8799495e-06
93 110 -4.9546269e-05
94 110  6.0966855e-07
95 110 -9.077425400000001e-09
96 110 -8.3202046e-11
103 110 -2.4711177e-06
104 110 -5.2761496e-09
105 110  5.4600956e-08
106 110  1.16324e-09
107 110 -2.6425161e-06
108 110  7.7911848e-06
109 110  1.4084693e-05
110 110 -4.4623449e-06
111 110 -1.4892751e-09
112 110  2.0410907e-10
119 110  2.4078366e-06
120 110 -2.8373124e-09
121 110 -4.0267723e-08
122 110  4.6380468e-10
123 110 -1.8913404e-06
124 110 -1.50283e-06
125 110  3.5461875e-05
126 110  5.150045e-07
127 110  7.579947600000001e-09
128 110 -7.0381244e-11
92 111  4e-07
93 111  9.3613832e-07
94 111  8.9512219e-09
96 111  2.3104878e-06
107 111  3.52e-06
109 111  4.9635842e-06
110 111 -1.4892751e-09
112 111 -7.851072500000001e-07
123 111 -4.16e-06
124 111 -5.6e-07
125 111  7.9185871e-07
126 111 -7.670251499999999e-09
128 111 -2.3232975e-06
84 112  6.1353595e-05
86 112 -8.5266286e-05
88 112  2.4329857e-08
90 112  2.1810096e-05
92 112 -8.5333333e-09
93 112 -9.077425400000001e-09
94 112 -8.3202046e-11
95 112 -1.9092257e-06
96 112  3.0165354e-08
101 112 -5.3028571e-06
103 112  2.4711177e-05
104 112  5.2761496e-08
105 112 -4.1755838e-05
106 112 -2.7153607e-06
107 112 -1.0666667e-08
108 112  4.48e-08
109 112 -1.4892751e-09
110 112  2.0410907e-10
111 112 -7.851072500000001e-07
112 112 -2.5804109e-07
116 112  9.8956677e-05
119 112 -2.4078366e-05
120 112  2.8373124e-08
121 112  4.2697124e-05
122 112 -2.0161472e-05
123 112 -1.4933333e-08
124 112 -1.0666667e-08
125 112  7.579947600000001e-09
126 112 -7.0381244e-11
127 112  2.7242005e-06
128 112  3.5370479e-08
104 114 -7.741045100000001e-05
115 114 -7.7771092e-06
136 114 -6.2760861e-05
112 115  3.1271001e-06
126 115  2.7315812e-05
128 115  4.7053322e-07
144 115 -3.5303689e-06
110 116  1.7595311e-06
111 116 -3.0928697e-06
112 116 -2.8707736e-08
125 116  2.7315812e-05
126 116 -4.3684225e-06
127 116  4.7053322e-07
128 116  8.1954621e-08
138 116  8.9584803e-05
142 116  1.5246486e-06
143 116  3.5633193e-06
144 116 -3.274031e-08
122 119 -9.214874100000001e-05
106 120  5.1606968e-05
121 120 -9.214874100000001e-05
137 120 -9.2245295e-05
138 120  4.1840574e-05
106 123  8.4804465e-06
108 123 -4.4319538e-06
110 123 -1.8913404e-06
111 123 -4.16e-06
112 123 -1.4933333e-08
121 123  1.0949433e-06
122 123 -8.113801399999999e-06
123 123 -3.2870485e-05
124 123 -3.7996099e-06
126 123 -2.2077257e-06
127 123  4.16e-06
128 123 -1.28e-08
106 124 -2.1400168e-06
108 124  2.0578909e-06
109 124 -7.1186686e-05
110 124 -1.50283e-06
111 124 -5.6e-07
112 124 -1.0666667e-08
121 124  8.3669097e-06
122 124  5.0830912e-07
123 124 -3.7996099e-06
124 124 -1.526122e-05
125 124 -6.0271649e-08
126 124  6.6750792e-06
128 124  5.2266667e-08
137 124 -8.0141387e-06
138 124  1.9623164e-06
139 124 -3.8028244e-06
140 124  1.7827739e-06
141 124  7.1246958e-05
142 124 -1.3655667e-06
143 124  5.6e-07
144 124 -1.1733333e-08
104 125 -1.4620924e-05
106 125  1.8336502e-07
108 125  8.305113399999999e-05
110 125  3.5461875e-05
111 125  7.9185871e-07
112 125  7.579947600000001e-09
121 125 -4.7138519e-06
122 125 -4.601441e-06
124 125 -6.0271649e-08
126 125  1.0309402e-05
127 125  4.2519418e-06
128 125 -1.0926325e-09
136 125 -1.492375e-05
137 125 -3.7415522e-06
138 125  2.2241007e-07
140 125 -6.234108800000001e-05
142 125 -3.5537835e-05
143 125  6.8613721e-07
144 125 -6.6410141e-09
104 126 -2.8373124e-09
106 126  4.6380468e-10
108 126 -1.5819264e-06
109 126 -4.139409e-05
110 126  5.150045e-07
111 126 -7.670251499999999e-09
112 126 -7.0381244e-11
119 126 -2.3964874e-06
120 126 -6.0667611e-09
121 126  3.8412504e-08
122 126  7.346817e-10
123 126 -2.2077257e-06
124 126  6.6750792e-06
125 126  1.0309402e-05
126 126 -3.8207599e-06
127 126 -1.0926325e-09
128 126  1.747369e-10
135 126  2.3237245e-06
136 126 -3.222622e-09
137 126 -2.9424188e-08
138 126  3.0168982e-10
139 126 -1.6578968e-06
140 126 -1.3061942e-06
141 126  3.1084907e-05
142 126  4.4586612e-07
143 126  6.5732117e-09
144 126 -6.098594500000001e-11
108 127  4.8e-07
109 127  7.9185871e-07
110 127  7.579947600000001e-09
112 127  2.7242005e-06
123 127  4.16e-06
125 127  4.2519418e-06
126 127 -1.0926325e-09
128 127 -7.8907368e-07
139 127 -4.8e-06
140 127 -6.4e-07
141 127  6.8613721e-07
142 127 -6.6410141e-09
144 127 -2.7335899e-06
100 128  7.3192105e-05
104 128  2.8373124e-08
106 128  2.1296004e-05
108 128 -1.0133333e-08
109 128 -7.670251499999999e-09
110 128 -7.0381244e-11
111 128 -2.3232975e-06
112 128  3.5370479e-08
117 128 -2.8708571e-05
119 128  2.3964874e-05
120 128  6.0667611e-08
121 128 -4.0849994e-05
122 128 -2.3568177e-06
123 128 -1.28e-08
124 128  5.2266667e-08
125 128 -1.0926325e-09
126 128  1.747369e-10
127 128 -7.8907368e-07
128 128 -3.0041404e-07
135 128 -2.3237245e-05
136 128  3.222622e-08
137 128  4.1550874e-05
138 128 -1.971873e-05
139 128 -1.7066667e-08
140 128 -1.2266667e-08
141 128  6.5732117e-09
142 128 -6.098594500000001e-11
143 128  3.1342679e-06
144 128  4.0609859e-08
120 130 -6.2760861e-05
131 130 -4.5201363e-06
152 130 -5.124314e-05
128 131  3.5633193e-06
142 131  2.0894748e-05
144 131  4.5133322e-07
160 131 -3.9501309e-06
122 132  9.563216000000001e-05
126 132  1.5246486e-06
127 132 -3.5303689e-06
128 132 -3.274031e-08
141 132  2.0894748e-05
142 132 -3.8193457e-06
143 132  4.5133322e-07
144 132  9.2492138e-08
154 132  7.3905496e-05
158 132  1.3451142e-06
159 132  3.9816185e-06
160 132 -3.6608313e-08
122 135 -9.2245295e-05
138 135 -7.511700000000001e-05
122 136  4.1840574e-05
137 136 -7.511700000000001e-05
153 136 -7.5173101e-05
154 136  3.4162093e-05
122 139  8.2674613e-06
124 139 -3.8028244e-06
126 139 -1.6578968e-06
127 139 -4.8e-06
128 139 -1.7066667e-08
137 139  9.4875084e-07
138 139 -7.9233047e-06
139 139 -2.8488125e-05
140 139 -3.3282714e-06
142 139 -1.8953866e-06
143 139  4.8e-06
144 139 -1.4933333e-08
122 140 -2.0810614e-06
124 140  1.7827739e-06
125 140 -6.234108800000001e-05
126 140 -1.3061942e-06
127 140 -6.4e-07
128 140 -1.2266667e-08
137 140  8.1449619e-06
138 140  4.4469369e-07
139 140 -3.3282714e-06
140 140 -1.3354464e-05
141 140 -3.5222989e-08
142 140  5.838956e-06
144 140  5.9733333e-08
153 140 -7.8094643e-06
154 140  1.9124347e-06
155 140 -3.3301499e-06
156 140  1.5727723e-06
157 140  6.2376311e-05
158 140 -1.2013215e-06
159 140  6.4e-07
160 140 -1.3333333e-08
120 141 -1.4037556e-05
122 141  1.3936464e-07
124 141  7.1246958e-05
126 141  3.1084907e-05
127 141  6.8613721e-07
128 141  6.5732117e-09
137 141 -3.4697084e-06
138 141 -3.4306243e-06
140 141 -3.5222989e-08
142 141  7.8741056e-06
143 141  3.7189997e-06
144 141 -8.3578994e-10
152 141 -1.4377791e-05
153 141 -2.8198859e-06
154 141  1.6519951e-07
156 141 -5.544561e-05
158 141 -3.1129242e-05
159 141  6.0533248e-07
160 141 -5.8554224e-09
120 142 -3.222622e-09
122 142  3.0168982e-10
124 142 -1.3655667e-06
125 142 -3.5537835e-05
126 142  4.4586612e-07
127 142 -6.6410141e-09
128 142 -6.098594500000001e-11
135 142 -2.310834e-06
136 142 -6.8164127e-09
137 142  2.8217429e-08
138 142  4.9309901e-10
139 142 -1.8953866e-06
140 142  5.838956e-06
141 142  7.8741056e-06
142 142 -3.3408465e-06
143 142 -8.3578994e-10
144 142  1.5277383e-10
151 142  2.2290807e-06
152 142 -3.5859888e-09
153 142 -2.2212303e-08
154 142  2.0714141e-10
155 142 -1.4754388e-06
156 142 -1.1551169e-06
157 142  2.7663897e-05
158 142  3.9313397e-07
159 142  5.8026484e-09
160 142 -5.3804566e-11
124 143  5.6e-07
125 143  6.8613721e-07
126 143  6.5732117e-09
128 143  3.1342679e-06
139 143  4.8e-06
141 143  3.7189997e-06
142 143 -8.3578994e-10
144 143 -7.916421e-07
155 143 -5.44e-06
156 143 -7.2e-07
157 143  6.0533248e-07
158 143 -5.8554224e-09
160 143 -3.1414458e-06
116 144  8.4755841e-05
120 144  3.222622e-08
122 144  2.0736616e-05
124 144 -1.1733333e-08
125 144 -6.6410141e-09
126 144 -6.098594500000001e-11
127 144 -2.7335899e-06
128 144  4.0609859e-08
133 144 -5.2455619e-05
135 144  2.310834e-05
136 144  6.8164127e-08
137 144 -3.9821045e-05
138 144 -2.0934719e-06
139 144 -1.4933333e-08
140 144  5.9733333e-08
141 144 -8.3578994e-10
142 144  1.5277383e-10
143 144 -7.916421e-07
144 144 -3.4286107e-07
151 144 -2.2290807e-05
152 144  3.5859888e-08
153 144  4.0315714e-05
154 144 -1.9190366e-05
155 144 -1.92e-08
156 144 -1.3866667e-08
157 144  5.8026484e-09
158 144 -5.3804566e-11
159 144  3.5419735e-06
160 144  4.5871379e-08
152 145  9.2212907e-05
136 146 -5.124314e-05
147 146 -2.7962693e-06
151 146  9.2212907e-05
164 146 -9.770439e-05
167 146  9.226500799999999e-05
168 146 -4.1930068e-05
144 147  3.9816185e-06
158 147  1.6499207e-05
160 147  4.2957322e-07
176 147 -4.3497787e-06
138 148  7.8750697e-05
142 148  1.3451142e-06
143 148 -3.9501309e-06
144 148 -3.6608313e-08
157 148  1.6499207e-05
158 148 -3.3931352e-06
159 148  4.2957322e-07
160 148  1.0256154e-07
169 148  8.6647094e-05
170 148  6.1137389e-05
174 148  1.2034203e-06
175 148  4.3796206e-06
176 148 -4.0289802e-08
170 150  8.4195514e-05
138 151 -7.5173101e-05
154 151 -6.1475271e-05
138 152  3.4162093e-05
153 152 -6.1475271e-05
169 152 -6.151000500000001e-05
170 152  2.7953379e-05
138 155  8.031246800000001e-06
140 155 -3.3301499e-06
142 155 -1.4754388e-06
143 155 -5.44e-06
144 155 -1.92e-08
153 155  8.3701522e-07
154 155 -7.7008967e-06
155 155 -2.513947e-05
156 155 -2.9609392e-06
158 155 -1.6602575e-06
159 155  5.44e-06
160 155 -1.7066667e-08
138 156 -2.0171653e-06
140 156  1.5727723e-06
141 156 -5.544561e-05
142 156 -1.1551169e-06
143 156 -7.2e-07
144 156 -1.3866667e-08
153 156  7.898036599999999e-06
154 156  3.952366e-07
155 156 -2.9609392e-06
156 156 -1.1872458e-05
157 156 -2.19439e-08
158 156  5.1891279e-06
160 156  6.720000000000001e-08
169 156 -7.5728577e-06
170 156  1.8539607e-06
171 156 -2.9621095e-06
172 156  1.4072047e-06
173 156  5.5467554e-05
174 156 -1.0723727e-06
175 156  7.2e-07
176 156 -1.4933333e-08
136 157 -1.3391676e-05
138 157  1.081925e-07
140 157  6.2376311e-05
142 157  2.7663897e-05
143 157  6.0533248e-07
144 157  5.8026484e-09
153 157 -2.6332861e-06
154 157 -2.6281563e-06
156 157 -2.19439e-08
158 157  6.2112492e-06
159 157  3.3048957e-06
160 157 -6.599683e-10
168 157 -1.376698e-05
169 157 -2.1776343e-06
170 157  1.2618312e-07
172 157 -4.9920798e-05
174 157 -2.7691499e-05
175 157  5.415614e-07
176 157 -5.2360902e-09
136 158 -3.5859888e-09
138 158  2.0714141e-10
140 158 -1.2013215e-06
141 158 -3.1129242e-05
142 158  3.9313397e-07
143 158 -5.8554224e-09
144 158 -5.3804566e-11
151 158 -2.2147368e-06
152 158 -7.519252900000001e-09
153 158  2.1383737e-08
154 158  3.4675783e-10
155 158 -1.6602575e-06
156 158  5.1891279e-06
157 158  6.2112492e-06
158 158 -2.968234e-06
159 158 -6.599683e-10
160 158  1.3572541e-10
167 158  2.1245549e-06
168 158 -3.924487e-09
169 158 -1.7173977e-08
170 158  1.4831949e-10
171 158 -1.3289944e-06
172 158 -1.0353943e-06
173 158  2.4918125e-05
174 158  3.5157768e-07
175 158  5.1938493e-09
176 158 -4.8136812e-11
140 159  6.4e-07
141 159  6.0533248e-07
142 159  5.8026484e-09
144 159  3.5419735e-06
155 159  5.44e-06
157 159  3.3048957e-06
158 159 -6.599683e-10
160 159 -7.9340032e-07
171 159 -6.08e-06
172 159 -8e-07
173 159  5.415614e-07
174 159 -5.2360902e-09
176 159 -3.5476391e-06
132 160  9.5938398e-05
136 160  3.5859888e-08
138 160  2.0122814e-05
140 160 -1.3333333e-08
141 160 -5.8554224e-09
142 160 -5.3804566e-11
143 160 -3.1414458e-06
144 160  4.5871379e-08
149 160 -7.6544e-05
151 160  2.2147368e-05
152 160  7.5192529e-08
153 160 -3.8657752e-05
154 160 -1.8931769e-06
155 160 -1.7066667e-08
156 160  6.720000000000001e-08
157 160 -6.599683e-10
158 160  1.3572541e-10
159 160 -7.9340032e-07
160 160 -3.8535725e-07
167 160 -2.1245549e-05
168 160  3.924487e-08
169 160  3.8972071e-05
170 160 -1.8580796e-05
171 160 -2.1333333e-08
172 160 -1.5466667e-08
173 160  5.1938493e-09
174 160 -4.8136812e-11
175 160  3.9480615e-06
176 160  5.1148035e-08
152 161  9.226500799999999e-05
168 161  7.545526299999999e-05
148 162 -9.1735517e-05
152 162 -4.1930068e-05
163 162 -1.8166622e-06
167 162  7.545526299999999e-05
180 162 -8.081413099999999e-05
183 162  7.5489213e-05
184 162 -3.4253341e-05
160 163  4.3796206e-06
162 163  7.1880236e-05
174 163  1.3358445e-05
176 163  4.0525322e-07
192 163 -4.7269351e-06
154 164  6.5116638e-05
158 164  1.2034203e-06
159 164 -4.3497787e-06
160 164 -4.0289802e-08
169 164  8.139703e-05
173 164  1.3358445e-05
174 164 -3.0526399e-06
175 164  4.0525322e-07
176 164  1.1210432e-07
185 164  7.2856147e-05
186 164  5.0529014e-05
190 164  1.0887411e-06
191 164  4.7549484e-06
192 164 -4.3762834e-08
154 166  8.4195514e-05
186 166  6.9617518e-05
154 167 -6.151000500000001e-05
170 167 -5.0303509e-05
154 168  2.7953379e-05
169 168 -5.0303509e-05
185 168 -5.0326142e-05
186 168  2.2835561e-05
163 170 -7.1880236e-05
154 171  7.7700757e-06
156 171 -2.9621095e-06
158 171 -1.3289944e-06
159 171 -6.08e-06
160 171 -2.1333333e-08
169 171  7.4883444e-07
170 171 -7.4476075e-06
171 171 -2.249746e-05
172 171 -2.6667092e-06
174 171 -1.4769079e-06
175 171  6.08e-06
176 171 -1.92e-08
154 172 -1.9476393e-06
156 172  1.4072047e-06
157 172 -4.9920798e-05
158 172 -1.0353943e-06
159 172 -8e-07
160 172 -1.5466667e-08
169 172  7.6251036e-06
170 172  3.5568294e-07
171 172 -2.6667092e-06
172 172 -1.0687555e-05
173 172 -1.4376047e-08
174 172  4.6695376e-06
176 172  7.4666667e-08
185 172 -7.3053597e-06
186 172  1.7873197e-06
187 172 -2.667476e-06
188 172  1.2733172e-06
189 172  4.9935174e-05
190 172 -9.684397499999999e-07
191 172  8e-07
192 172 -1.6533333e-08
152 173 -1.2687781e-05
154 173  8.537055599999999e-08
156 173  5.5467554e-05
158 173  2.4918125e-05
159 173  5.415614e-07
160 173  5.1938493e-09
169 173 -2.0440479e-06
170 173 -2.0542768e-06
172 173 -1.4376047e-08
174 173  5.0251807e-06
175 173  2.9738392e-06
176 173 -5.343378e-10
184 173 -1.3095521e-05
185 173 -1.7122621e-06
186 173  9.8405813e-08
188 173 -4.5395613e-05
190 173 -2.4936202e-05
191 173  4.8994996e-07
192 173 -4.7352747e-09
152 174 -3.924487e-09
154 174  1.4831949e-10
156 174 -1.0723727e-06
157 174 -2.7691499e-05
158 174  3.5157768e-07
159 174 -5.2360902e-09
160 174 -4.8136812e-11
167 174 -2.108857e-06
168 174 -8.1694302e-09
169 174  1.6580699e-08
170 174  2.5301367e-10
171 174 -1.4769079e-06
172 174  4.6695376e-06
173 174  5.0251807e-06
174 174 -2.6705071e-06
175 174 -5.343378e-10
176 174  1.221056e-10
183 174  2.0108784e-06
184 174 -4.2351909e-09
185 174 -1.3515853e-08
186 174  1.0982181e-10
187 174 -1.2089011e-06
188 174 -9.38176e-07
189 174  2.2666425e-05
190 174  3.1797972e-07
191 174  4.700701e-09
192 174 -4.3549643e-11
156 175  7.2e-07
157 175  5.415614e-07
158 175  5.1938493e-09
160 175  3.9480615e-06
171 175  6.08e-06
173 175  2.9738392e-06
174 175 -5.343378e-10
176 175 -7.9465662e-07
187 175 -6.72e-06
188 175 -8.8e-07
189 175  4.8994996e-07
190 175 -4.7352747e-09
192 175 -3.9526473e-06
152 176  3.924487e-08
154 176  1.9449308e-05
156 176 -1.4933333e-08
157 176 -5.2360902e-09
158 176 -4.8136812e-11
159 176 -3.5476391e-06
160 176  5.1148035e-08
167 176  2.108857e-05
168 176  8.1694302e-08
169 176 -3.7355282e-05
170 176 -1.7368205e-06
171 176 -1.92e-08
172 176  7.4666667e-08
173 176 -5.343378e-10
174 176  1.221056e-10
175 176 -7.9465662e-07
176 176 -4.2788772e-07
183 176 -2.0108784e-05
184 176  4.2351909e-08
185 176  3.7508792e-05
186 176 -1.7892817e-05
187 176 -2.3466667e-08
188 176 -1.7066667e-08
189 176  4.700701e-09
190 176 -4.3549643e-11
191 176  4.352993e-06
192 176  5.6435496e-08
164 177 -9.4202632e-05
168 177  7.5489213e-05
184 177  6.152415200000001e-05
164 178 -7.5825285e-05
168 178 -3.4253341e-05
179 178 -1.2282999e-06
183 178  6.152415200000001e-05
196 178 -6.664123e-05
198 178 -8.6041789e-05
199 178  6.1547258e-05
200 178 -2.7845297e-05
176 179  4.7549484e-06
178 179  4.9041364e-05
190 179  1.1036426e-05
192 179  3.7837322e-07
208 179 -5.0792229e-06
170 180  5.3854911e-05
174 180  1.0887411e-06
175 180 -4.7269351e-06
176 180 -4.3762834e-08
185 180  6.6135655e-05
189 180  1.1036426e-05
190 180 -2.7743332e-06
191 180  3.7837322e-07
192 180  1.2106195e-07
201 180  6.1048093e-05
202 180  4.1591727e-05
206 180  9.940214799999999e-07
207 180  5.1052247e-06
208 180 -4.7005466e-08
170 182  6.9617518e-05
202 182  5.7361193e-05
170 183 -5.0326142e-05
186 183 -4.1016101e-05
170 184  2.2835561e-05
185 184 -4.1016101e-05
201 184 -4.1031506e-05
202 184  1.8563531e-05
179 186 -4.9041364e-05
170 187  7.482907e-06
172 187 -2.667476e-06
174 187 -1.2089011e-06
175 187 -6.72e-06
176 187 -2.3466667e-08
185 187  6.7746819e-07
186 187 -7.1640967e-06
187 187 -2.0359886e-05
188 187 -2.4257927e-06
190 187 -1.329956e-06
191 187  6.72e-06
192 187 -2.1333333e-08
170 188 -1.8720581e-06
172 188  1.2733172e-06
173 188 -4.5395613e-05
174 188 -9.38176e-07
175 188 -8.8e-07
176 188 -1.7066667e-08
185 188  7.3255033e-06
186 188  3.2332798e-07
187 188 -2.4257927e-06
188 188 -9.7186126e-06
189 188 -9.8082727e-09
190 188  4.2445794e-06
192 188  8.2133333e-08
201 188 -7.0076348e-06
202 188  1.712788e-06
203 188 -2.4263158e-06
204 188  1.1628141e-06
205 188  4.5405421e-05
206 188 -8.8288319e-07
207 188  8.8e-07
208 188 -1.8133333e-08
168 189 -1.1930882e-05
170 189  6.8189846e-08
172 189  4.9935174e-05
174 189  2.2666425e-05
175 189  4.8994996e-07
176 189  4.700701e-09
185 189 -1.6133625e-06
186 189 -1.6297364e-06
188 189 -9.8082727e-09
190 189  4.1494226e-06
191 189  2.7031092e-06
192 189 -4.4145705e-10
200 189 -1.2368132e-05
201 189 -1.3643001e-06
202 189  7.7939173e-08
204 189 -4.1621636e-05
206 189 -2.2678758e-05
207 189  4.4732221e-07
208 189 -4.3219198e-09
168 190 -4.2351909e-09
170 190  1.0982181e-10
172 190 -9.684397499999999e-07
173 190 -2.4936202e-05
174 190  3.1797972e-07
175 190 -4.7352747e-09
176 190 -4.3549643e-11
183 190 -1.9939376e-06
184 190 -8.7610932e-09
185 190  1.3076566e-08
186 190  1.9021861e-10
187 190 -1.329956e-06
188 190  4.2445794e-06
189 190  4.1494226e-06
190 190 -2.4271273e-06
191 190 -4.4145705e-10
192 190  1.1097333e-10
199 190  1.8888646e-06
200 190 -4.5151747e-09
201 190 -1.077616e-08
202 190  8.357541699999999e-11
203 190 -1.1086559e-06
204 190 -8.5765796e-07
205 190  2.0786868e-05
206 190  2.9025097e-07
207 190  4.2931003e-09
208 190 -3.9760859e-11
172 191  8e-07
173 191  4.8994996e-07
174 191  4.700701e-09
176 191  4.352993e-06
187 191  6.72e-06
189 191  2.7031092e-06
190 191 -4.4145705e-10
192 191 -7.9558543e-07
203 191 -7.36e-06
204 191 -9.599999999999999e-07
205 191  4.4732221e-07
206 191 -4.3219198e-09
208 191 -4.3567808e-06
168 192  4.2351909e-08
170 192  1.8712826e-05
172 192 -1.6533333e-08
173 192 -4.7352747e-09
174 192 -4.3549643e-11
175 192 -3.9526473e-06
176 192  5.6435496e-08
183 192  1.9939376e-05
184 192  8.761093199999999e-08
185 192 -3.5911447e-05
186 192 -1.6123176e-06
187 192 -2.1333333e-08
188 192  8.2133333e-08
189 192 -4.4145705e-10
190 192  1.1097333e-10
191 192 -7.9558543e-07
192 192 -4.7044307e-07
199 192 -1.8888646e-05
200 192  4.5151747e-08
201 192  3.5919091e-05
202 192 -1.7128283e-05
203 192 -2.56e-08
204 192 -1.8666667e-08
205 192  4.2931003e-09
206 192 -3.9760859e-11
207 192  4.757069e-06
208 192  6.1730942e-08
180 193 -7.740565499999999e-05
184 193  6.1547258e-05
196 193 -9.4284758e-05
200 193  4.983393e-05
180 194 -6.242145400000001e-05
182 194 -8.6041789e-05
184 194 -2.7845297e-05
195 194 -8.5917065e-07
199 194  4.983393e-05
212 194 -5.46233e-05
214 194 -7.0434026e-05
215 194  4.9850287e-05
216 194 -2.2457042e-05
192 195  5.1052247e-06
194 195  3.4597634e-05
206 195  9.271358000000001e-06
208 195  3.4893322e-07
222 195  9.937376e-05
224 195 -5.4042649e-06
186 196  4.4404911e-05
190 196  9.940214799999999e-07
191 196 -5.0792229e-06
192 196 -4.7005466e-08
201 196  5.3502486e-05
205 196  9.271358000000001e-06
206 196 -2.5425856e-06
207 196  3.4893322e-07
208 196  1.2937592e-07
217 196  5.085093e-05
218 196  3.3994685e-05
221 196 -9.8763985e-05
222 196  9.1446688e-07
223 196  5.4280725e-06
224 196 -4.9995755e-08
186 198  5.7361193e-05
218 198  4.6956017e-05
186 199 -4.1031506e-05
202 199 -3.322262e-05
186 200  1.8563531e-05
201 200 -3.322262e-05
217 200 -3.3233524e-05
218 200  1.4971361e-05
195 202 -3.4597634e-05
186 203  7.1690763e-06
188 203 -2.4263158e-06
190 203 -1.1086559e-06
191 203 -7.36e-06
192 203 -2.56e-08
201 203  6.1852456e-07
202 203 -6.850806e-06
203 203 -1.859499e-05
204 203 -2.2249406e-06
206 203 -1.2095568e-06
207 203  7.36e-06
208 203 -2.3466667e-08
186 204 -1.7901454e-06
188 204  1.1628141e-06
189 204 -4.1621636e-05
190 204 -8.5765796e-07
191 204 -9.599999999999999e-07
192 204 -1.8666667e-08
201 204  6.998794e-06
202 204  2.9636994e-07
203 204 -2.2249406e-06
204 204 -8.911578300000001e-06
205 204 -6.9195269e-09
206 204  3.8905479e-06
208 204  8.959999999999999e-08
217 204 -6.680127e-06
218 204  1.6305534e-06
219 204 -2.2253096e-06
220 204  1.0700655e-06
221 204  4.1628556e-05
222 204 -8.1122314e-07
223 204  9.599999999999999e-07
224 204 -1.9733333e-08
184 205 -1.1126501e-05
186 205  5.494644e-08
188 205  4.5405421e-05
190 205  2.0786868e-05
191 205  4.4732221e-07
192 205  4.2931003e-09
201 205 -1.2890442e-06
202 205 -1.3068761e-06
204 205 -6.9195269e-09
206 205  3.4843582e-06
207 205  2.4775846e-06
208 205 -3.7085432e-10
216 205 -1.1590043e-05
217 205 -1.0973273e-06
218 205  6.2430051e-08
220 205 -3.8426359e-05
222 205 -2.079557e-05
223 205  4.1151986e-07
224 205 -3.9749504e-09
184 206 -4.5151747e-09
186 206  8.357541699999999e-11
188 206 -8.8288319e-07
189 206 -2.2678758e-05
190 206  2.9025097e-07
191 206 -4.3219198e-09
192 206 -3.9760859e-11
199 206 -1.8708039e-06
200 206 -9.288390500000001e-09
201 206  1.0441858e-08
202 206  1.4659013e-10
203 206 -1.2095568e-06
204 206  3.8905479e-06
205 206  3.4843582e-06
206 206 -2.2244445e-06
207 206 -3.7085432e-10
208 206  1.0170343e-10
215 206  1.7594087e-06
216 206 -4.7615129e-09
217 206 -8.6712795e-09
218 206  6.506943899999999e-11
219 206 -1.0237263e-06
220 206 -7.8987516e-07
221 206  1.9194474e-05
222 206  2.6697545e-07
223 206  3.9505594e-09
224 206 -3.6578675e-11
188 207  8.8e-07
189 207  4.4732221e-07
190 207  4.2931003e-09
192 207  4.757069e-06
203 207  7.36e-06
205 207  2.4775846e-06
206 207 -3.7085432e-10
208 207 -7.9629146e-07
219 207 -8e-06
220 207 -1.04e-06
221 207  4.1151986e-07
222 207 -3.9749504e-09
224 207 -4.7602505e-06
184 208  4.5151747e-08
186 208  1.7911236e-05
188 208 -1.8133333e-08
189 208 -4.3219198e-09
190 208 -3.9760859e-11
191 208 -4.3567808e-06
192 208  6.1730942e-08
199 208  1.8708039e-05
200 208  9.2883905e-08
201 208 -3.4325233e-05
202 208 -1.5116485e-06
203 208 -2.3466667e-08
204 208  8.959999999999999e-08
205 208 -3.7085432e-10
206 208  1.0170343e-10
207 208 -7.9629146e-07
208 208 -5.1301703e-07
215 208 -1.7594087e-05
216 208  4.7615129e-08
217 208  3.4198622e-05
218 208 -1.628847e-05
219 208 -2.7733333e-08
220 208 -2.0266667e-08
221 208  3.9505594e-09
222 208 -3.6578675e-11
223 208  5.1604944e-06
224 208  6.7032453e-08
196 209 -6.308082899999999e-05
200 209  4.9850287e-05
212 209 -7.7463075e-05
216 209  3.9977881e-05
196 210 -5.1027739e-05
198 210 -7.0434026e-05
200 210 -2.2457042e-05
211 210 -6.195199e-07
215 210  3.9977881e-05
228 210 -4.437048e-05
230 210 -5.7111249e-05
231 210  3.9989903e-05
232 210 -1.7913123e-05
