1.000000e+00
1.712054e+00
3.907083e+00
5.047530e+00
5.255205e+00
4.455577e+00
3.215209e+00
3.599393e+00
2.488420e+00
1.875233e+00
1.952491e+00
1.657194e+00
1.274385e+00
1.025301e+00
1.333623e+00
1.108241e+00
1.013156e+00
7.806381e-01
5.133207e-01
4.625143e-01
3.669296e-01
3.671003e-01
1.414493e-01
1.318897e-01
1.076099e-01
8.221347e-02
5.470562e-02
3.981244e-02
3.948614e-02
2.994620e-02
2.708995e-02
2.052138e-02
1.541866e-02
6.969517e-03
4.870112e-03
3.327069e-03
2.191363e-03
1.138337e-03
7.600180e-04
2.776470e-04
1.064274e-04
8.550913e-05
1.099800e-04
2.011617e-04
1.148285e-04
8.790037e-05
6.730217e-05
4.127070e-05
2.817827e-05
2.903787e-05
2.966059e-05
2.269482e-05
9.745604e-06
7.809119e-06
7.134343e-06
2.727606e-06
3.232213e-06
1.491245e-06
8.619682e-07
4.785617e-07
2.659114e-07
1.430168e-07
1.877213e-07
1.046024e-07
5.574261e-08
1.951727e-08
1.579408e-08
4.162011e-09
