%%MatrixMarket vector coordinate real general
256
1   1.00000000000786748444e+00
2   9.99999999901299063687e-01
3   9.99999999901060587781e-01
4   9.99999999987075116614e-01
5   9.99999999986735943480e-01
6   1.00000000001084510259e+00
7   9.99999999971251885000e-01
8   9.99999999971184161396e-01
9   1.00000000001086220003e+00
10   9.99999999998137600876e-01
11   9.99999999954380602851e-01
12   1.00000000008322387224e+00
13   9.99999999993912980223e-01
14   1.00000000006268696673e+00
15   1.00000000000089506180e+00
16   1.00000000006533684704e+00
17   9.99999999977914111327e-01
18   9.99999999988753995872e-01
19   1.00000000001027866681e+00
20   1.00000000006469047520e+00
21   1.00000000000203503880e+00
22   1.00000000004418732047e+00
23   9.99999999954973128879e-01
24   1.00000000006402856023e+00
25   9.99999999996574739924e-01
26   9.99999999989440224724e-01
27   9.99999999977315146005e-01
28   1.00000000000815658652e+00
29   1.00000000000731881222e+00
30   1.00000000001687672224e+00
31   1.00000000001817501705e+00
32   1.00000000001444733222e+00
33   9.99999999978462117411e-01
34   9.99999999996770916333e-01
35   1.00000000004011058152e+00
36   9.99999999997506772154e-01
37   1.00000000000344457796e+00
38   1.00000000002675148991e+00
39   1.00000000006692735255e+00
40   1.00000000001708411190e+00
41   1.00000000001734101751e+00
42   9.99999999948067985756e-01
43   9.99999999949559792434e-01
44   1.00000000006647682405e+00
45   1.00000000002753686168e+00
46   1.00000000002171951508e+00
47   1.00000000000001487699e+00
48   9.99999999975602071878e-01
49   1.00000000001384403703e+00
50   1.00000000000850897131e+00
51   1.00000000001403255290e+00
52   1.00000000002101474550e+00
53   9.99999999997475130797e-01
54   1.00000000003955658023e+00
55   1.00000000000408606482e+00
56   1.00000000005735523168e+00
57   9.99999999966900698922e-01
58   1.00000000001194266908e+00
59   9.99999999986533993912e-01
60   9.99999999976112108335e-01
61   9.99999999952352669474e-01
62   1.00000000004587241698e+00
63   1.00000000004549050026e+00
64   1.00000000000460564920e+00
65   9.99999999993203214643e-01
66   1.00000000000300071079e+00
67   9.99999999991618593320e-01
68   1.00000000003615618915e+00
69   1.00000000001731415011e+00
70   9.99999999991012189504e-01
71   9.99999999932428940141e-01
72   9.99999999934142791425e-01
73   9.99999999979889975243e-01
74   9.99999999937670192018e-01
75   9.99999999928263716420e-01
76   9.99999999926179383714e-01
77   9.99999999966724062439e-01
78   9.99999999986582843725e-01
79   1.00000000001721867093e+00
80   1.00000000000067545969e+00
81   9.99999999995234478689e-01
82   9.99999999984282017529e-01
83   9.99999999957508212134e-01
84   9.99999999970192066101e-01
85   9.99999999988112620031e-01
86   1.00000000005685496518e+00
87   9.99999999983314014074e-01
88   1.00000000000885713725e+00
89   1.00000000004385314334e+00
90   1.00000000004662514819e+00
91   1.00000000001023314766e+00
92   9.99999999970301645114e-01
93   9.99999999802668182447e-01
94   1.00000000000109112719e+00
95   9.99999999939461092779e-01
96   1.00000000000383604259e+00
97   9.99999999918648740937e-01
98   1.00000000001796984783e+00
99   1.00000000004263056574e+00
100   9.99999999997394639628e-01
101   9.99999999964069519187e-01
102   1.00000000002041300462e+00
103   9.99999999969854447279e-01
104   1.00000000002082956030e+00
105   1.00000000000706301684e+00
106   1.00000000006769917960e+00
107   1.00000000005192601904e+00
108   1.00000000006729772295e+00
109   1.00000000003243072477e+00
110   1.00000000000148570045e+00
111   9.99999999998236632770e-01
112   1.00000000003184030817e+00
113   1.00000000002039790559e+00
114   9.99999999966689312458e-01
115   9.99999999969686137469e-01
116   1.00000000000142397205e+00
117   9.99999999997881250380e-01
118   9.99999999974553355209e-01
119   1.00000000007087819220e+00
120   1.00000000004667688458e+00
121   1.00000000003376721125e+00
122   9.99999999802888006606e-01
123   1.00000000006082179205e+00
124   1.00000000000258548738e+00
125   1.00000000001769628888e+00
126   9.99999999964899188853e-01
127   1.00000000004017541855e+00
128   9.99999999916107329412e-01
129   1.00000000000578137538e+00
130   9.99999999972946862492e-01
131   9.99999999970283437456e-01
132   9.99999999941006412207e-01
133   1.00000000000078781426e+00
134   1.00000000004271227816e+00
135   1.00000000001806021999e+00
136   9.99999999996699640015e-01
137   1.00000000005753220123e+00
138   1.00000000000317790239e+00
139   9.99999999919629956047e-01
140   1.00000000001798472482e+00
141   1.00000000004257150188e+00
142   9.99999999997634114735e-01
143   9.99999999968945840756e-01
144   1.00000000001288191775e+00
145   9.99999999988869792134e-01
146   9.99999999965847763406e-01
147   1.00000000001838551533e+00
148   9.99999999967880359719e-01
149   1.00000000004953260024e+00
150   1.00000000006964495647e+00
151   1.00000000003389222236e+00
152   1.00000000003756461808e+00
153   1.00000000002022004786e+00
154   9.99999999993010590948e-01
155   1.00000000000355604435e+00
156   9.99999999996336375041e-01
157   1.00000000002872924121e+00
158   9.99999999999282351837e-01
159   1.00000000000030109248e+00
160   9.99999999975908604455e-01
161   9.99999999969338748684e-01
162   9.99999999989161891811e-01
163   1.00000000002101407937e+00
164   1.00000000007374967304e+00
165   1.00000000004373879037e+00
166   1.00000000002993005843e+00
167   1.00000000001530819915e+00
168   9.99999999966960650966e-01
169   1.00000000004190336966e+00
170   1.00000000005704969830e+00
171   9.99999999986101339999e-01
172   1.00000000000989519577e+00
173   9.99999999917184578813e-01
174   1.00000000000508193487e+00
175   9.99999999970709319008e-01
176   1.00000000004265299225e+00
177   1.00000000001807642924e+00
178   9.99999999996946775660e-01
179   1.00000000000673083811e+00
180   9.99999999978856690674e-01
181   9.99999999949217843742e-01
182   1.00000000004567479728e+00
183   1.00000000004604960857e+00
184   1.00000000000247135645e+00
185   1.00000000001698463592e+00
186   1.00000000001632494140e+00
187   1.00000000001288413820e+00
188   9.99999999989891863450e-01
189   1.00000000000601074746e+00
190   9.99999999994863442154e-01
191   9.99999999933739003311e-01
192   9.99999999933120609086e-01
193   9.99999999976817433023e-01
194   1.00000000001666711213e+00
195   9.99999999949780393749e-01
196   9.99999999950695883655e-01
197   9.99999999936087569097e-01
198   9.99999999930469951614e-01
199   9.99999999926109550685e-01
200   1.00000000000502131670e+00
201   9.99999999990623500423e-01
202   9.99999999980042741932e-01
203   1.00000000000776823050e+00
204   1.00000000001131361671e+00
205   1.00000000001857913823e+00
206   9.99999999953516072182e-01
207   9.99999999973580133705e-01
208   9.99999999992574606367e-01
209   1.00000000004450750879e+00
210   1.00000000004640487994e+00
211   1.00000000000771116504e+00
212   9.99999999954292229098e-01
213   9.99999999978486209251e-01
214   9.99999999995812682840e-01
215   1.00000000004044431456e+00
216   9.99999999997097543947e-01
217   1.00000000000472399897e+00
218   1.00000000007934275459e+00
219   9.99999999992581267705e-01
220   1.00000000005781286561e+00
221   1.00000000002268496502e+00
222   1.00000000007163558635e+00
223   1.00000000002072897409e+00
224   1.00000000007060285689e+00
225   1.00000000002436584268e+00
226   1.00000000001788502679e+00
227   9.99999999955123120010e-01
228   1.00000000005976552586e+00
229   9.99999999995956123655e-01
230   1.00000000000027156055e+00
231   9.99999999974525932700e-01
232   1.00000000001638400526e+00
233   9.99999999996803667912e-01
234   1.00000000004000466625e+00
235   1.00000000000634292618e+00
236   9.99999999902491110149e-01
237   9.99999999995401123165e-01
238   1.00000000007169309590e+00
239   9.99999999978193887529e-01
240   9.99999999987692178571e-01
241   1.00000000001444866449e+00
242   9.99999999902166925025e-01
243   9.99999999990812904471e-01
244   9.99999999990324406340e-01
245   1.00000000007074141273e+00
246   9.99999999996958544024e-01
247   1.00000000003772093748e+00
248   9.99999999988569032716e-01
249   9.99999999977458808864e-01
250   1.00000000001169753183e+00
251   1.00000000000768873853e+00
252   1.00000000001177813402e+00
253   9.99999999970594077858e-01
254   9.99999999970492603474e-01
255   1.00000000001180233689e+00
256   9.99999999995126120922e-01
