1.000000e+00
1.805633e-01
7.481478e-02
4.182764e-02
2.259698e-02
2.291064e-02
2.264846e-02
2.284570e-02
1.713560e-02
1.196853e-02
9.830025e-03
7.231480e-03
5.534522e-03
4.040098e-03
3.491950e-03
3.242006e-03
3.203835e-03
3.759466e-03
3.780496e-03
2.789671e-03
1.831463e-03
1.322775e-03
1.184906e-03
1.335149e-03
1.650147e-03
1.695674e-03
1.412112e-03
1.061341e-03
7.800884e-04
5.855288e-04
5.699015e-04
5.958790e-04
5.840765e-04
5.839964e-04
5.193541e-04
4.613699e-04
4.294748e-04
3.128159e-04
2.475073e-04
2.912719e-04
3.815307e-04
4.654731e-04
3.699155e-04
2.726435e-04
1.789208e-04
1.527252e-04
1.889822e-04
2.638571e-04
2.769436e-04
2.020981e-04
1.645156e-04
1.336674e-04
1.305335e-04
1.380617e-04
1.578504e-04
1.613940e-04
1.493910e-04
1.361788e-04
1.214610e-04
8.843226e-05
6.637474e-05
6.795521e-05
7.853220e-05
9.383389e-05
9.453271e-05
6.347261e-05
3.560769e-05
3.137980e-05
3.787704e-05
5.309611e-05
5.497679e-05
3.841081e-05
2.681028e-05
1.882206e-05
1.972711e-05
2.646361e-05
3.040804e-05
2.454845e-05
1.586336e-05
1.139824e-05
1.049105e-05
1.211742e-05
1.306814e-05
1.298829e-05
1.378108e-05
1.191919e-05
1.136712e-05
7.809070e-06
5.997244e-06
4.642076e-06
5.410421e-06
5.969110e-06
6.512172e-06
5.262705e-06
3.781363e-06
2.312904e-06
1.670941e-06
2.292288e-06
2.798482e-06
3.109566e-06
2.421791e-06
1.535745e-06
9.200557e-07
9.826468e-07
1.028966e-06
1.068783e-06
1.001269e-06
9.578659e-07
1.079574e-06
9.210459e-07
5.517590e-07
4.491579e-07
5.128903e-07
5.694841e-07
7.461911e-07
5.805718e-07
3.263769e-07
2.849193e-07
2.624577e-07
3.119032e-07
4.099517e-07
4.006139e-07
2.555804e-07
2.676180e-07
2.296662e-07
2.108558e-07
2.001352e-07
1.996074e-07
2.047784e-07
2.276261e-07
2.066054e-07
1.470026e-07
1.066409e-07
9.221144e-08
1.198076e-07
1.646974e-07
1.695394e-07
1.158378e-07
7.211090e-08
6.103277e-08
6.394358e-08
9.675617e-08
1.044107e-07
8.899101e-08
6.272561e-08
3.480876e-08
3.348627e-08
4.262357e-08
5.840561e-08
5.527456e-08
3.415439e-08
2.361327e-08
1.656347e-08
2.072866e-08
3.396326e-08
3.248928e-08
1.902683e-08
1.111666e-08
8.977396e-09
8.611598e-09
9.817483e-09
1.117870e-08
1.121626e-08
8.125058e-09
6.364997e-09
6.663904e-09
4.861081e-09
2.969003e-09
3.052731e-09
4.770223e-09
5.600116e-09
3.759414e-09
2.190904e-09
1.379676e-09
1.438259e-09
2.036827e-09
2.468036e-09
2.355412e-09
1.491943e-09
8.730710e-10
6.553335e-10
8.745154e-10
1.303277e-09
1.123930e-09
9.473848e-10
7.557955e-10
6.216527e-10
5.009020e-10
4.578189e-10
3.466650e-10
4.715851e-10
6.881467e-10
6.370094e-10
4.308479e-10
2.926130e-10
2.105641e-10
3.138298e-10
5.275691e-10
4.743437e-10
3.219238e-10
2.154192e-10
1.548928e-10
1.512096e-10
2.474249e-10
2.708533e-10
1.858888e-10
1.159394e-10
7.812567e-11
1.041683e-10
1.770346e-10
1.779683e-10
1.188242e-10
6.401933e-11
4.605739e-11
5.579241e-11
9.973331e-11
8.795429e-11
7.464674e-11
3.727893e-11
2.429794e-11
2.670711e-11
3.039254e-11
4.550256e-11
3.904156e-11
1.579925e-11
1.007648e-11
1.415490e-11
1.847875e-11
2.682123e-11
1.873898e-11
9.904989e-12
7.657978e-12
5.706657e-12
7.763915e-12
1.120650e-11
9.172372e-12
5.909224e-12
3.785139e-12
2.974405e-12
5.066194e-12
5.118968e-12
4.775122e-12
2.829724e-12
1.354205e-12
1.422039e-12
2.452643e-12
2.908214e-12
2.670633e-12
1.211484e-12
6.746154e-13
