%%MatrixMarket vector coordinate real general
420
1   1.66852821193119424947e+01
2   4.12923910346775802083e+00
3  -8.96411995212258183585e+00
4   4.63516825765417550542e+01
5   9.06896655478090352176e+00
6   1.42947427915481273253e+00
7   2.42151123202105189591e+01
8   1.05374201494673833679e+01
9   8.70831531778470768757e+00
10   2.97739181803324237663e+00
11   7.46176555870084268207e+00
12   1.51326057295027656124e+01
13   3.08309944538789082458e+00
14  -4.86806707509076819207e+00
15   2.57003038295615588993e+01
16   1.11735904202931578766e+02
17  -1.57004356326216729656e+01
18   5.82819024968699821443e+01
19   5.63965149379682273434e+00
20  -1.19495556640795363990e+01
21   1.64582959346344892992e+02
22   1.07701172045809343558e+01
23   1.31162823863333226626e+01
24  -2.93403724960159628665e+00
25   1.39251783894771989480e+02
26  -3.03645654469143444487e+00
27   1.99298261354764548514e+02
28   1.93096905145697372852e+00
29  -2.20213316057284806959e+01
30   5.71083414152100630190e+01
31   1.40250541599865830023e+01
32   1.17151615369113715204e+00
33   1.09701396559100913919e+02
34   1.78438218484236443828e+01
35   3.75651765080710919875e+00
36   1.31065960208489578065e+01
37   7.43263013712102793562e+00
38   9.19073492684171000633e+00
39   1.04166774491818596715e+01
40   1.23343253664207086473e+01
41   1.46829189849864558681e+01
42   2.83754272778923288811e+00
43   2.88213484622128079948e+00
44   8.67571132489110752317e+00
45   1.03794575660182687216e+02
46   2.93351164872375802517e+00
47   2.16117430086613211415e+02
48  -1.05230724325692093224e+00
49   2.73802346005935874018e+02
50   9.60147382250622172251e+00
51  -9.96450845060760670435e+00
52  -4.99079670362039085063e+00
53   2.53743806958852587741e+02
54   2.34759919894986410327e+02
55   5.12900853785718613409e+00
56  -1.79957144089705636247e+01
57   1.87053449570447952510e+02
58   5.16182343770375418046e+00
59  -2.73069784825532337891e+01
60   6.34563344587869764268e+01
61   1.12425551534187277980e+01
62   1.79291028458426859871e+00
63   1.75357729732601171690e+02
64   7.37238961329935360567e+00
65  -6.57016765399938318382e+00
66   3.13967047559715808802e+02
67   8.32268460133849607985e+00
68  -1.58291190224541772347e-01
69   3.42970052241314306229e+02
70   8.91506669146525254632e+00
71   4.40111954170066965730e+00
72   2.90752667465740159969e+02
73   9.66451647309653516515e+00
74   6.25436459712458248106e+00
75   2.25269004144510745391e+02
76   1.07227016548503577553e+01
77   5.54720040500696054409e+00
78   1.40756959796398803064e+02
79   1.04575869621647683516e+01
80   4.11024383670468740348e+00
81   6.10472832504193902992e+01
82   1.23452314278811492443e+01
83   2.87935465700274262346e+00
84   9.60175968379943789444e-01
85   3.09403280667936853021e+00
86   1.78258262599920302982e+00
87  -2.94514340093484214833e+01
88  -1.77906697898507495381e+01
89   6.63074119205879100036e+01
90   2.45544236746575279540e+02
91   4.46017362816100781941e+00
92   2.90593808197289904527e+00
93   2.43551874408204360734e+00
94  -2.98945331585981932676e+01
95   7.53638423464407196661e+01
96  -1.82181160740839729328e+01
97   2.80185432920740197460e+02
98  -8.29457657550540972125e+00
99   3.44691247118563808272e+02
100   6.57770844635524820632e+00
101   7.43261194714315642784e+00
102   4.64169266591183049542e+00
103  -1.14064651978480058325e+00
104   3.69033332446517647440e+02
105   3.71771387059329072144e+02
106   7.67078880009235675175e+00
107   7.36828796482683756608e+00
108   3.11724444794493535937e+02
109   7.62654395573644805495e+00
110   1.02572243321123526272e+01
111   2.34693828653673108420e+02
112   9.00534723608279641383e+00
113   8.45340738762436316733e+00
114   8.61612591908961178433e+00
115   8.44685833189477897065e+00
116   1.68555889659646396694e+02
117   1.06745941260452383403e+02
118   6.45242660590386574171e+00
119   7.91774234162046575136e+00
120   3.64085624041294186881e+00
121   6.10280713925487550142e+00
122  -9.64099035836404882893e-01
123   5.05955039125990424509e+01
124   5.22323389608908073001e+00
125  -3.20541226347474594860e+00
126   4.04707355817872951320e+02
127   6.70542290199558266295e+00
128   5.17773062794193528191e+00
129   3.95707711097387857535e+02
130   5.27924479017655290392e+00
131   5.51537739491812306625e+00
132   7.57880055070344482715e+00
133   1.34231192811005808352e+01
134   1.28611904080664913863e+01
135   2.25621316946309690366e+02
136   1.82447665358665432223e+02
137   6.85237260364124978196e+00
138   1.24136787943469162343e+01
139   1.33055558234853947397e+02
140   5.33419465977326723305e+00
141   3.94304542686571535270e+00
142   8.83591577809139039346e+00
143   1.09342789855386843811e+01
144  -2.34708884845794241159e+00
145   5.93501789354809261567e+01
146   4.40538023042411452934e+00
147  -1.17504810165837394464e+01
148   3.73192292757809468640e+02
149   2.27655576165359629925e+00
150   3.77452746699054308976e+00
151  -2.09808715573227893003e+01
152  -3.37037394632465137079e+01
153   2.77290515638088663763e+02
154   7.40781100013470847898e+01
155   1.25886895744997087121e+01
156   3.20697598828698914986e+02
157   3.22710985342160094902e+00
158   4.06606890083758276688e+00
159  -2.16048834768541269113e+01
160   4.18093214983818128871e+00
161   3.50328294965600450794e+00
162  -2.09663725203361401839e+01
163   4.89723594190983302354e+00
164  -8.49898273276511773133e+00
165   4.20879912267096699452e+02
166   3.85626815859659588526e+00
167   3.27199102600180591338e+00
168   4.30310957292244438577e+02
169   4.76189114463875817762e+00
170   1.05039244745395219383e+01
171   3.67451819034690231547e+02
172   4.27012966473957877866e+00
173   2.90128132691281903632e+00
174   1.82867178486670169946e+01
175   1.84304656134750786123e+01
176   2.17198807606904097156e+02
177   1.35954333523958268870e+02
178   3.69195219259758689034e+00
179   1.57996951366451057197e+01
180   1.24891893025562154662e+02
181   4.16548691399180626149e+00
182   1.47632888528067525158e+01
183   7.17821925919618450962e+01
184   3.62280290222420386925e+00
185   1.40759867453243412427e+01
186   1.01797666743791914712e+00
187   1.89862211257700996825e+00
188  -2.25091283159993125196e+01
189   2.72932502416362865461e+02
190   5.11924940607549050497e+00
191  -3.58339077148182241217e+01
192   7.60420087305202656580e+01
193   1.79108840342258712752e+00
194   1.72106852789811459736e+00
195  -3.89065931851510740103e+01
196   3.49727094943714833519e+00
197   4.93041915843029876498e+00
198  -4.05176163539235856259e-01
199  -1.13565381358802053313e+01
200   4.61881770325067009253e+02
201   4.27439459502754914411e+02
202   2.60280256390023767565e+00
203   5.32595607992172759282e+00
204  -1.97930199573886191899e+01
205  -3.93151137985310086265e+01
206   3.27611717345539659618e+02
207   9.32255243232323067559e+01
208   4.20076545857960681474e+00
209   8.11693324159756990355e+00
210   4.32196366469567863078e+02
211   4.38532956585760924639e+00
212   2.73029037631315674162e+00
213   2.17401021165094974208e+01
214   1.43832915002696815066e+01
215   2.22897327609534329440e+02
216   3.49582284653464341773e+02
217   5.92387792108190147644e+00
218   1.80802119506699163765e+01
219   2.83441678304586673676e+02
220   2.22921494590046620488e+00
221   2.33118585657781913767e+01
222   1.26128292198976854621e+01
223   3.51461577883514220133e+00
224   2.02427073371935541957e+01
225   1.20727998614875708938e+01
226   3.39958005291021914118e+00
227   1.77653840636909094997e+01
228   7.17059141280160239340e-01
229   2.73156519948719678226e+00
230   2.41080473484999089351e+01
231   2.15283899543283538947e+01
232   3.69417135669042240309e+00
233   3.27707862310259390171e+00
234   4.82274369337326390905e+02
235   2.44093576146665069970e+00
236   4.53758445698212553587e-01
237  -9.66201085179709906470e+00
238  -2.36721811115880065302e+01
239   4.61408744978855224872e+02
240   3.19991556963906987221e+02
241   2.84057724000091527117e+00
242  -4.26075614154946364920e+01
243   8.11338801036413315160e+01
244   3.78470939803066919183e+00
245  -2.80697129027931566725e+01
246   2.23751245479789872661e+02
247   3.78199026068197996509e+00
248   1.17986361455847035273e+01
249   4.15867531808087107947e+02
250   2.91931313168548589587e+00
251   1.81079898616138557088e+01
252   3.25392930464859546191e+02
253   2.87026066220316078414e+00
254   2.55402668142031927800e+01
255   1.44159326627260952591e+02
256   3.99890771831518776480e+00
257   2.92741962334463714512e+01
258   2.65322840987470485175e+01
259   2.64526764754569088112e+00
260   8.50941900500652992356e-01
261   2.28182611178594250134e+01
262   1.44722337161543723738e+01
263   2.66681069119478195262e+02
264   4.15087682279669650143e+02
265   2.33419407641072451653e+00
266   7.84038250844076767265e+00
267   4.75377809913288672305e+02
268   1.60893264973597349687e+00
269   1.39608226897747411677e+00
270  -1.42632088441634041764e+00
271  -1.44217258400263794726e+01
272  -2.57989447256868196234e+01
273   4.20097625008340457953e+02
274   2.93271514972642080465e+02
275   6.26751372480686885780e+00
276  -3.87911850959251083282e+01
277   9.63028305870086711593e+01
278  -3.03801617506416654635e+00
279   4.88577446456151278653e+02
280   2.16899043510116174005e+00
281   2.80545625363266815100e+00
282   3.22838820493879978812e+01
283   2.42442085860581499901e+01
284   2.01685544986495557396e+01
285   1.94855338743800729162e+02
286   3.90761076632535619968e-01
287   1.68751748196997617413e+01
288   3.75552309678099845769e+02
289   1.40242784523629038240e+00
290   4.52398236891234528656e+00
291   2.61507922040130722507e+01
292   3.20809454465720023109e+01
293   2.18880516419592964894e+02
294   3.73943154799556793932e+01
295   3.46121328928495541888e+00
296   3.04793064960613868664e+01
297   2.67954006235436494876e+01
298  -1.76194380157486701899e-01
299   2.51384277954279466982e+00
300   4.88271018672429590879e+02
301  -8.83624793701960786763e-01
302   1.25914524583151852255e+01
303   4.44067988388075150397e+02
304  -3.16100368656853625282e+00
305  -6.97641725164794213043e+00
306   4.81496008943519598233e+02
307   5.57724588607466986723e-01
308  -1.90990391675482698020e+01
309   3.74812710158263769245e+02
310   1.64721570730891531120e+00
311  -4.13067824663515850148e+01
312   9.53095007332548220802e+01
313  -4.45662978453144908997e+00
314  -5.03853098627112672148e+00
315   1.30875788767114542566e+01
316   5.36067913092382308804e+00
317   4.26073832673301865270e+02
318   4.68602012703879836408e+02
319  -5.57640146012705706369e+00
320  -1.42118370729796761331e+00
321  -1.85694197990401388410e+00
322  -1.05501735424765996640e+01
323   4.60694698000357504952e+02
324   3.92229542440770899248e+02
325   1.84403255062624615856e-01
326  -2.45658594320939087652e+01
327   2.95235212930275622512e+02
328   4.88070340619942122373e+00
329  -3.82189935505904117008e+01
330   1.03683717257020703073e+02
331   1.24251024138672089281e-01
332   2.18240054149827678032e+01
333   3.00818868855916946359e+02
334  -1.96640946858661957997e+00
335   1.31104047438958204452e+00
336   3.03790587572731816124e+01
337   4.33160839803941826176e+01
338   2.29533650649502298791e+01
339   2.12111514949250334894e+02
340  -1.13594162873638335753e+01
341  -1.93505951111428267097e+01
342   3.23336067111573877142e+00
343   4.04249685289800275712e+00
344   3.42803058838480581016e+02
345   4.11903298409697129046e+02
346  -8.68623494739646595519e+00
347   1.15247168470541812013e+01
348   3.19492155323425549796e+02
349  -3.56874733648116704288e+00
350   1.98999651138465019073e+01
351   1.75644102232298308763e+02
352   3.05637980115061225206e+00
353   3.19155897450106635915e+01
354   4.16930809900772345600e+01
355  -4.30354216591892857480e+00
356   1.72484267302153924106e+01
357   3.27738150576072371223e+02
358  -1.04726656401447897338e+01
359  -9.70378365962965894198e+00
360  -7.65673094207746540718e+00
361  -1.49524981336222939632e-01
362   3.46217191220603638158e+02
363   3.94721627169829446302e+02
364   4.17987836994804951019e+00
365  -7.81250905694482611352e+00
366  -2.02849476713252272475e+01
367   2.46546216843422797638e+02
368  -4.38763249170109688180e+01
369   1.07858664872424668602e+02
370  -1.99285106590114970970e+01
371   6.12954626707849659084e+00
372   2.63082753428350542890e+02
373  -3.25406164392869357016e+01
374   1.74808617618435491181e+00
375   9.96004925677430890119e+01
376  -3.89775887303089945135e+01
377  -2.23734733645752577047e+01
378   3.54430891942456005594e+00
379   1.55067928298127633013e+00
380   1.04620499885713186927e+02
381   2.69102027907564092857e+02
382  -1.90094107671661092240e+01
383  -2.29221543010736645840e+01
384  -1.71018954712776172222e+00
385  -7.31216531190731178214e+00
386   1.26715634759871036863e+02
387   2.39515118266660181234e+02
388  -8.96830492376414589728e+00
389   1.12509745388393156418e+01
390   1.70227938590937469598e+02
391  -1.53452628843286031923e+01
392   8.84607989470048217129e+00
393   2.38310204240144514642e+02
394   2.49791543141613114898e+00
395   1.63241663203979681107e+00
396   2.76127662032378538015e+01
397   1.54036848051493677758e+01
398   4.45863398554384460226e+01
399   4.57399901020325287959e+01
400  -1.39435418619976347898e+00
401  -2.25121446582098876377e+01
402   1.21632597280297616749e+02
403  -3.10671982442602256924e+01
404   3.00944567957171749129e+00
405   8.96337976681687962355e+01
406  -2.49927195622380615703e+01
407   3.30346733389191760111e+00
408   7.57381168694079036641e+01
409  -1.42522028653881047688e+01
410   5.26767029596791669377e+00
411   6.52238003846183147516e+01
412   8.53591587660502248980e+00
413   1.75683473923161841412e+01
414   1.27581304998036344500e+01
415  -4.55307491939376163259e+01
416   4.50555512385507750395e+00
417   1.05913039176204534897e+02
418  -7.83079350993509759604e+00
419  -7.88589053265342343479e+00
420   5.83736871810203723498e+01
