%%MatrixMarket vector coordinate real general
420
1   1.67689657700922500894e+00
2   9.92630095928561040353e+00
3  -1.14508159921377377088e+01
4   6.79491015259809749693e+00
5   1.28532626255421238426e+01
6   2.96264129830391187426e+00
7   8.82580695175192175839e+00
8   3.82506913771298551197e+00
9   4.58675510179534562383e+00
10   1.72968269519091388808e+00
11   1.09263375928293893224e+01
12   2.60882585578286843031e+01
13   1.53279395681412111685e+01
14  -1.05138181859761647985e+01
15  -3.46057612436605444017e+00
16   3.32022928364784561950e+01
17  -1.24949217974353548044e+01
18   7.11396925690905757023e+00
19   2.00288218525241639156e+01
20  -3.30269242956378903386e+01
21   2.96166103406140130971e+01
22   1.83139675582279934929e+01
23   3.07886070661097264178e+01
24  -8.14505047296188777750e+00
25   4.10933791590579033937e+01
26  -1.25169131547591945264e+01
27   4.71522108711583243235e+01
28   2.94574966626693353078e+01
29  -1.87709579039247280718e+01
30   2.44426224443443196321e+00
31   2.68168404392820143300e+01
32   1.21220443674870637096e+00
33   2.60352663010375984243e+01
34   2.24574638186418162888e+01
35   9.04128249293715491319e+00
36   6.53481301001666547990e+00
37   8.64296649692054508307e+00
38   1.11632704398244069210e+01
39   2.02078597219992275313e+01
40   2.90724245644869618843e+01
41   2.99057532464284498985e+01
42   1.09919966596559710581e+01
43   7.19338217309342375927e+00
44  -1.73555429729437005193e+00
45   3.24892399683655597187e+01
46  -9.20045057533171473096e+00
47   6.31696142066923371772e+01
48  -1.22086008145991566920e+01
49   6.76389660145266873315e+01
50   3.26445872244719055288e+01
51  -1.27633259299459816960e-01
52  -2.97696659854053464755e+01
53   4.40177857081788914684e+01
54   6.65936780178690526100e+01
55   4.08644198481086675656e+01
56  -2.31515042247733866532e+01
57   3.51144667110629598028e+01
58   2.27612403597310830605e+01
59  -1.28654197413383943882e+01
60   7.72236191994195930732e+00
61   2.34870259547820978696e+01
62  -8.94751275930863521069e+00
63   4.14649554983973160915e+01
64   3.50644173965363776801e+01
65  -2.70149986362745586632e+01
66   6.97592215895671756698e+01
67   4.02159824265086527362e+01
68  -1.45779922165626736330e+01
69   8.28535739144742962026e+01
70   4.66887388242832344076e+01
71  -3.40531281986671263695e+00
72   7.27461473628790002977e+01
73   4.21437707433812320801e+01
74   4.77251772106834071252e+00
75   5.85310627282860806986e+01
76   3.85518784808385035490e+01
77   1.05140635780262918786e+01
78   3.75988780001572706624e+01
79   2.97986330131302779023e+01
80   1.73097493355513023516e+01
81   1.77675793193601769815e+01
82   2.06770677670998352937e+01
83   9.34819714275484692223e+00
84   2.39188920285715056480e+00
85   1.17224487442836142748e+01
86   2.27378723754272158430e+01
87  -9.47607931631056743527e+00
88  -3.93593510262602279681e+01
89  -8.40351070156886414964e+00
90   5.66594600020618273106e+01
91   2.76903178487860408552e+01
92   5.54426337237778277256e+00
93   2.82453960666645755850e+01
94  -4.57908863832898731516e+01
95   2.98110855767229594449e+01
96  -4.68692324453331963241e+01
97   7.23486451836693618134e+01
98  -2.54645452473479423361e+01
99   8.65759659471567175615e+01
100   3.10330910490376687960e+01
101   1.97398348623185491135e+01
102   1.85911916662578704518e+01
103  -1.66094076512517681010e+01
104   7.30800756123503845174e+01
105   1.14686407256121839282e+02
106   5.15543110858745521341e+01
107  -2.00985656029111448007e+00
108   7.89176761763974070618e+01
109   3.97969358834390902757e+01
110  -3.72486423518427200996e-01
111   6.34230509481746693723e+01
112   2.89257719330804015101e+01
113   2.16563902275048540957e+01
114   1.52214179916485381483e+01
115   2.91443221559371812290e+00
116   4.16986209496629101068e+01
117   3.74933191287580953599e+01
118   2.28800134934040109158e+01
119   1.73938403107212273824e+01
120   7.32500190387094374245e+00
121   1.96016045408645069870e+01
122   4.16864940617707979698e+00
123   1.10273713315132546597e+01
124   2.24045100988625627281e+01
125  -3.54157811913142950289e+01
126   9.37664147255759559130e+01
127   5.30905267307935346821e+01
128  -1.76801708819903957703e+01
129   9.70249835120247325904e+01
130   4.43792909890395179673e+01
131   2.21328134871968984498e+01
132   8.75960985303525241363e+00
133   2.27389466439416594312e+01
134   7.85863752903648293824e-01
135   5.35274122084802215227e+01
136   6.35765835728388282178e+01
137   3.03603810699502574266e+01
138   7.96053057072629144386e+00
139   4.07120508867439454548e+01
140   1.81788993942963692518e+01
141   1.12015766431608838616e+01
142   5.71413452406029964692e+00
143   1.53169533052411992458e+01
144   2.37731225230145559735e+00
145   1.18247586228205960879e+01
146   2.22272045411031200501e+01
147  -4.52626256896792042994e+01
148   8.58794368587497842782e+01
149   2.21993001776648810619e+01
150   2.33835310413814667641e+01
151  -1.26717820857342111651e+01
152  -4.42434840949878491756e+01
153   5.55474506891757542348e+01
154   4.43107679891190926469e+01
155   1.04703448544394106534e+01
156   8.71301941102145605100e+01
157   3.22655632930319029583e+01
158   2.07787119985378119225e+01
159  -3.89448892111782241088e-01
160   7.12180531051380150132e+00
161   1.07298105964503989185e+01
162  -7.52338457981994856993e+00
163   2.06311048830517336228e+01
164  -4.46593038094211962630e+01
165   9.65602009363053639390e+01
166   4.66882854559860689392e+01
167  -2.69714763532658565737e+01
168   1.02412854329531100461e+02
169   5.14961333482380609894e+01
170  -2.36171621181811541845e+00
171   1.01288633408894966692e+02
172   3.19465128817352592705e+01
173   5.35123218779454123961e+00
174   4.60496528035767056508e+01
175   2.12063124743049051801e+01
176   5.89454914645980352361e+01
177   5.34184557296292368278e+01
178   2.27512209835749956710e+01
179   1.61124437571152583359e+01
180   4.02438164447607320540e+01
181   1.93647415651761178879e+01
182   1.22307875899184264057e+01
183   2.51909330971050131609e+01
184   7.19356971089872665459e+00
185   1.55688566589256769390e+01
186  -3.28115473203356611265e+00
187   3.15994295113149554766e+01
188  -5.79350637017066887324e+01
189   5.08276621984339698201e+01
190   3.31307015970061513599e+01
191  -2.25627605416256074022e+01
192   2.09953654269614666816e+01
193   9.01427442678773793716e+00
194   1.19303478503077986517e+01
195  -9.14309598028391157243e+00
196   6.22371344829886119498e+00
197   1.28506964307880089393e+01
198   8.49772576609742458231e+00
199  -4.67342641627878023769e+01
200   8.44141553950809537810e+01
201   1.29176250657190166748e+02
202   3.52130611514995663924e+01
203   2.34127549565992758573e+01
204  -1.23767720657908171233e+01
205  -5.69151832846552210299e+01
206   6.86259569169806837863e+01
207   4.46200626175668446649e+01
208   3.91249827328950203764e+01
209  -2.32669954102027851661e+01
210   1.07448342737468820474e+02
211   4.18506794879171550861e+01
212   1.52246103513530339768e+01
213   3.90870890907603580899e+01
214   1.70568346005721238612e+01
215   4.36125599287406018334e+01
216   1.06319369128890855336e+02
217   4.65931290216914959501e+01
218   1.31067846594298433871e+01
219   8.42110422889644638644e+01
220   1.59861586833898439153e+01
221   2.93227591113475085649e+01
222   2.08293213045777712011e+01
223   6.79377141292654407323e+00
224   1.65770539637953113754e+01
225   1.54311466496482854183e+01
226   5.50476159173721413254e+00
227   1.14730727955300100263e+01
228   1.21335598277159828484e+01
229  -5.67495938894573193068e+00
230   2.55471600610558162714e+01
231   1.30518322898040768365e+01
232   3.27365122259036169794e+01
233  -3.71517105746681153278e+01
234   1.17040831835629973057e+02
235   3.61573455810529225118e+01
236   1.89292519964560383983e+01
237  -2.66856398402610994758e-01
238  -5.77341441091640632521e+01
239   8.90086941553629742430e+01
240   9.71258106090814834488e+01
241   6.13589233870078061273e+01
242  -1.88574616936438630432e+01
243   1.58867092838662031795e+01
244   2.98237512109322615572e+01
245  -2.95174901771433120246e+01
246   5.00230071109920757522e+01
247   3.13803303670787485657e+01
248  -1.96159911770281709664e+01
249   1.10928639429581195941e+02
250   3.67723873043081894707e+01
251   1.87711511606192154034e+01
252   9.49244073084810224827e+01
253   3.31507078626022320123e+01
254   2.39252669881099535587e+01
255   4.71377190747034333640e+01
256   1.32446464563870449638e+01
257   2.41796464842097016401e+01
258   1.80444150572801760291e+01
259   1.51384278730172514571e+01
260   1.01663783140052155218e+00
261   4.80066733084620764771e+01
262   3.24444876823937491395e+01
263   5.67595858026089601367e+01
264   1.23572260822515303857e+02
265   5.52197378650658095012e+01
266  -2.42045439429964481803e+01
267   1.23365280685474331790e+02
268   4.03210109168114669842e+01
269   2.18166046199031455899e+01
270   6.06043354000820588823e+00
271  -4.95224416264307087943e+00
272  -6.01962585616578849113e+01
273   8.06357361986705427626e+01
274   8.81188163964286275132e+01
275   5.84648183183901863913e+01
276  -3.77375079412696194936e+01
277   4.00455184818240041977e+01
278  -4.25897252677939235355e+01
279   1.14183032916462209982e+02
280   3.56234265680277886190e+01
281   1.13786577509010875531e+01
282   1.43828227308048681721e+01
283   3.48043585755561153405e+01
284   3.93718162763046608532e+00
285   5.71373718639655621132e+01
286   1.60059532696328545853e+01
287  -2.96861698681044838821e+00
288   1.00724865895412250438e+02
289   3.48705684487250806569e+01
290   9.99102652478212327480e+00
291   3.10402429318183727958e+01
292   1.78197716184121155436e+01
293   6.17416539439067975081e+01
294   3.74563140012653477129e+01
295   1.29618021713309339304e+01
296   2.54720364476356735395e+01
297   1.94385992810495196181e+01
298   2.26624647494052062768e+01
299  -3.33907189964439581331e+01
300   1.23669347360454423779e+02
301   4.76417781390086005899e+01
302  -1.75293786841654579689e+01
303   1.10802774694491986907e+02
304   4.95862366074286526896e+01
305  -4.86524834611719398936e+01
306   1.06876344677071358547e+02
307   5.09650700268854208730e+01
308  -5.61895004785411273929e+01
309   8.18618192601712308942e+01
310   4.31157979726003404153e+01
311  -4.53284290972276053822e+01
312   1.85737154207908226056e+01
313   1.23294868847664744749e+01
314  -1.23960909988654699454e+00
315   2.79962336163062843752e+01
316  -1.53972259356625116311e+01
317   8.11090411860531190769e+01
318   1.52201749525855689171e+02
319   2.79950356240588114076e+01
320   2.63037968760647444810e+01
321   1.40942824342459882558e+00
322  -4.71084699887363598236e+01
323   9.53869507918823273940e+01
324   1.24736896235733894400e+02
325   5.74730635439662833619e+01
326  -3.16409279486126457925e+01
327   6.17636785028592072422e+01
328   4.51152922951850285926e+01
329  -3.23215830498569189899e+01
330   2.17965951815992937668e+01
331   1.26555258621106219152e+01
332  -1.99524370087218905212e+00
333   8.19596438568839147365e+01
334   3.09125321295110673248e+01
335   3.12980674479681919564e+00
336   2.55920950859540106137e+01
337   2.59276685456996354162e+01
338   2.26102703686962556162e+01
339   7.31044308096382025042e+01
340  -3.17822177394133964512e+00
341  -5.25702311370393857715e+01
342  -1.64511168967039367317e+01
343  -3.19641770769843667210e+01
344   6.00394593472817490465e+01
345   1.29235254216216389977e+02
346   2.02045267805844090958e+01
347   1.87803094296249439843e+00
348   9.12419066332170984879e+01
349   1.62905781515092513700e+01
350   1.70338142974991590961e+01
351   5.78572128510421705982e+01
352   1.30455556624703490343e+01
353   2.45959011034618484359e+01
354   2.67469360779952722851e+01
355   1.53261021069429084207e+01
356  -1.39875723682715715768e+01
357   8.67631921775600005731e+01
358   2.36132473602734016538e+01
359   1.95766195342882670660e-01
360  -1.00175133073615221235e+01
361  -1.25248725440101829065e+01
362   6.37633809541473723925e+01
363   1.14776972252085585069e+02
364   4.72264316134372421629e+01
365   1.62731868233497749543e+01
366  -3.86999731497257712931e+01
367   6.31561809878020810061e+01
368  -9.46233724448707391730e+00
369   4.55813660841547516611e+01
370  -2.65012352965468238608e+01
371  -2.78550850068673518933e+01
372   7.08253496924105832022e+01
373  -3.46544618445535501650e+00
374  -2.23117969686915422756e+01
375   3.19921051669206129020e+01
376  -1.41184710411948231013e+01
377  -2.89343853447900762887e+01
378  -1.00352724079980681893e+01
379  -4.95385010802888370307e+00
380   1.17813584978256713498e+01
381   7.27006550362553269906e+01
382   1.90266515576723378445e+01
383  -1.96399584307488268564e+01
384  -6.67531971945555557824e+00
385  -2.41235570374502650282e+01
386   1.00589179556142411798e+01
387   6.94370434541954324459e+01
388   9.99441271358827543203e-01
389   1.21022550556327421201e-01
390   5.32768122441333886741e+01
391  -2.00247442171883127671e+00
392  -1.29032814676578730939e+01
393   6.22802856590571920492e+01
394   2.71018104707359519523e+01
395  -1.12641448089244611275e+00
396   1.28670517932634549396e+01
397   1.53262923660315877328e+01
398   1.96286255329748264842e+01
399   2.50080860121043357935e+01
400   5.62495300269438835983e+00
401  -1.98825865673665269640e+01
402   3.68379460295534570946e+01
403  -8.71115891117598728499e+00
404  -1.11494823299504783876e+01
405   3.37196359001597372185e+01
406  -5.41138585742028954684e+00
407  -8.23528031693373208100e+00
408   2.83596801095205925947e+01
409  -2.16531799276160530354e+00
410  -1.95973819641409141568e+00
411   2.14796497128957426526e+01
412   8.70774289296483772205e+00
413   4.57973676802978424405e+00
414   1.40231066883944848200e+01
415  -1.10047492663548460712e+01
416  -1.79139110546664710455e+01
417   2.68813767743683413869e+01
418   8.97302197592059513909e+00
419  -5.06733074700405161650e+00
420   1.80593244663913523596e+01
