%%MatrixMarket vector coordinate real general
351
1   1.25519563143045506659e-02
2  -4.24234572687366348620e-03
3  -7.19840748383308143797e-04
4   1.25222283815464140860e-02
5   1.29670841371046195734e-02
6  -7.69590300174434333025e-02
7   2.98734732723120212372e-02
8   1.75454033124522561227e-02
9  -9.49863529293101804818e-03
10   4.06718446249055287645e-02
11  -3.42612799734348244529e-02
12   7.35203754337774295635e-02
13  -1.42388988916669328305e-02
14  -3.81660716015385856337e-02
15   1.31651885704736400923e-02
16  -4.25036731421603482250e-03
17   1.55748116452151218192e-02
18   2.93616064088508439689e-02
19  -2.64484968326410309347e-02
20   1.05452898664611851437e-02
21  -2.29619537960531645837e-02
22   8.99792366789338091126e-03
23   6.20102775128157437945e-02
24   9.38963603349455590286e-03
25   7.93345828432181349177e-03
26   1.14433171825924825254e-02
27  -1.15185702995709918217e-02
28   1.29203951469326703411e-02
29  -2.39055897807117605225e-02
30   3.09307155364960204708e-03
31   1.11578999312326749421e-02
32  -1.26090533328536316508e-03
33   9.74506056912587126373e-02
34   8.03237828053638379389e-03
35  -3.26200086994573104637e-02
36   1.16922197451306726645e-02
37   1.42254581751549320778e-02
38   1.17249953858800468748e-02
39  -2.88453793939793569356e-02
40  -2.36367593969468402226e-02
41   1.41639147031726829462e-02
42   1.29936839533587918799e-02
43  -2.80166546387658442485e-02
44  -2.87862096018596282099e-02
45  -1.09844031786843002174e-02
46   1.25429238849128175948e-02
47  -3.24728216939709638314e-03
48   6.22558066120756647965e-02
49  -2.01654584774586852561e-03
50   1.38092513507170056020e-02
51  -1.16557992015258651136e-02
52  -3.47251355982230031083e-02
53  -1.21987544510262883868e-02
54   1.31993613115658162821e-02
55   1.84365211882162108314e-02
56  -2.39686941570423119041e-02
57   1.27373406137542780764e-02
58   4.15032010872074391683e-02
59   1.99786863887704800591e-02
60   2.06129513428080779480e-02
61   2.64215129043819940691e-02
62  -3.53367921129984149942e-02
63  -3.06140141211024528756e-04
64  -7.01912475610219459277e-03
65   1.28173130338154306340e-01
66   1.89863274969064672534e-03
67  -8.02411610633411813420e-03
68  -4.41500022018908797050e-03
69  -2.36808537299039029156e-02
70   1.02471687686613993629e-01
71   1.39738133321181644264e-02
72   1.08356711301479981258e-02
73  -8.92862921497842992880e-02
74   5.37573910590653791797e-03
75  -3.22498389149724687397e-02
76  -4.99713635331342463652e-03
77   2.29157214757641763264e-03
78   1.11610199798805615617e-02
79  -2.05891278792774481965e-02
80  -1.01028606185093513398e-02
81  -6.39942161017043043003e-03
82  -2.86040515539338624507e-02
83   1.18696347411453972248e-02
84  -2.01771683691435832486e-01
85  -1.01185413245756861134e-01
86  -3.43813063265297480520e-01
87   1.02994333272059084006e-02
88  -2.15939415979025731152e-02
89   1.23547761528500204403e-02
90   4.88133139320622369550e-02
91   1.12406915909886370719e-02
92   1.43969896330920794220e-02
93   3.66731838814112810244e-04
94   1.41299952204987869925e-02
95  -2.07814460872620641874e-02
96  -2.47906678307707427356e-02
97  -1.01439048498756234640e-02
98  -1.23614500637064268079e-02
99   1.40106348434649585766e-02
100  -1.91551424811132950388e-02
101   7.38769322426745395083e-02
102  -8.30968294344219468583e-03
103  -1.63930522086875550547e-02
104   1.14396069291476630558e-02
105  -2.68733346878833496973e-02
106  -3.76555485458737182469e-02
107   2.14972296691094124851e-03
108  -6.96956764523553370244e-03
109  -1.39725377430332947659e-01
110  -7.37073646556249684192e-02
111  -2.80863531226813248343e-02
112   1.33260955373426821097e-02
113  -2.41820311369282947567e-02
114   5.78577815153595315795e-03
115   1.30340606940329301749e-02
116   7.49843411831958676916e-03
117  -8.48630524504012315190e-03
118   6.82250385596338826399e-02
119  -1.18870490193274131602e-02
120   9.65389053784970752048e-03
121   1.40813027337553884483e-02
122   1.30934444250169253893e-02
123  -9.82566545345655781296e-03
124   1.77404558409094449678e-02
125   5.49656969797612318662e-02
126  -7.66467704115772335838e-02
127  -2.60575820482139650786e-03
128   9.78445170111488446429e-03
129   1.42001007538198643909e-02
130  -1.53098666785129899903e-01
131  -2.79723175363970864848e-02
132  -1.95287114715375562102e-02
133   4.59887271215487104109e-03
134  -5.01547172523376313946e-02
135  -1.43100781000809352400e-02
136   2.01330903873808975124e-02
137  -3.35236571408008762751e-02
138  -1.89932486854577468882e-02
139   1.44342637230312244301e-02
140   5.52268045063690829477e-03
141   1.38299217601751522205e-02
142  -2.07179774798188411772e-03
143   1.12137148843512689245e-02
144  -2.07996892557662169110e-02
145   1.41778384855904410200e-01
146   9.71021655059054952797e-03
147   1.29640271430137704600e-02
148   1.68385928277999287472e-02
149  -4.34851274047004451861e-02
150   1.13910122327621089050e-02
151  -1.18943660379874568966e-02
152   3.36262583788944635632e-02
153  -8.73501408813964243250e-03
154   4.48169097361763510423e-02
155   1.41650232618448241456e-02
156  -2.80325573771578115401e-02
157  -2.60541615592664831114e-02
158   1.60090025599875541984e-02
159   1.11407362220589181701e-02
160   1.31739389076207785018e-02
161   1.41170146692805482946e-02
162  -2.13986989674965211172e-02
163  -4.51109014617214199028e-02
164  -1.57851730381312588269e-01
165  -2.07220498342268327763e-02
166   6.65856510695322367788e-02
167   7.49444140280293713552e-02
168  -3.91117010086827060489e-02
169  -3.68804419349871293043e-02
170  -4.36133479341161301585e-03
171  -3.65604503716338534447e-03
172   1.21210261620177481984e-02
173   7.70540297076694868234e-03
174   5.00324635894781669099e-02
175   2.41592170305363626928e-03
176   1.11075705286564664631e-02
177  -1.84482653694610435058e-02
178   1.42103199088462368860e-02
179   7.70942918018938192631e-03
180  -1.00623150497320817953e-02
181  -2.77993006930885855343e-02
182   1.11082621669353152211e-02
183   5.76575772746741339186e-03
184  -8.10243856658758761224e-03
185  -2.19885157468230861555e-02
186   9.51207495340384776017e-03
187  -3.24646987735717901247e-02
188  -2.38453162770025199613e-02
189   1.37079986905287495164e-02
190  -1.21427995794454700318e-02
191  -3.10058221221207568064e-02
192   1.30840555884336254278e-02
193  -7.83717783847212752513e-03
194  -2.88414662558768644662e-02
195  -2.90792808570393065959e-02
196  -1.52643702900901630237e-02
197   1.27601433051517613310e-02
198  -2.37728659081954951660e-02
199   2.98096950905845058111e-02
200  -1.29224011632910907449e-02
201  -5.79551293518318910714e-02
202  -1.86330436624808845614e-02
203   4.17824732444561745826e-03
204   8.23800970449804943752e-03
205  -3.76807986874273873057e-02
206  -2.55565933138747203301e-02
207  -3.36358476429033242949e-02
208   1.41144738434280971051e-02
209  -3.23162536797318416387e-03
210  -7.79293319761651878674e-03
211  -3.09437245525134921320e-02
212  -7.05012246566961552768e-03
213  -4.80588959583841193735e-02
214   1.50909663700922336976e-02
215  -2.49059038334933646741e-02
216   1.44708795887328114937e-02
217   1.26499554197555159896e-02
218  -1.00010647490267074594e-02
219   1.14349554276721131207e-02
220   1.00333026542617931992e-02
221  -2.78569046429358868622e-02
222   1.10727679041019103773e-02
223   1.58427549660378132364e-03
224   2.40091955951036578609e-02
225   1.28458589946450225244e-02
226  -2.13314560398471459238e-03
227   1.38373930913988345964e-02
228   2.94979343101660247684e-02
229   1.78931455823521483317e-02
230  -3.04703241626993921731e-02
231  -8.99056502778715002644e-03
232   8.62736880294319788409e-03
233   1.28579188309713415145e-02
234   7.58907145101482983468e-03
235   4.25143543369849372104e-02
236   1.19674809937773546364e-01
237   1.68321046708894798971e-02
238   3.61016127308699946719e-02
239  -3.47136624433566718523e-03
240   5.73412934900597724870e-04
241  -6.33064370818156724185e-02
242   3.35967494017682007101e-03
243  -6.52407055995931663139e-03
244  -1.63813724232666525771e-02
245   1.56489807664639511697e-02
246   1.90442021965117787297e-02
247   1.08823910691049040300e-02
248   1.25558912664264499259e-02
249   1.08025819348169013073e-02
250   8.72627874694204691552e-03
251   1.05037536719507825639e-02
252   1.51887573434154252161e-02
253  -1.37409613324416691321e-02
254  -2.52869828486835084014e-02
255  -2.64453121703641519380e-02
256   1.30111051159118498027e-02
257   6.79932024425478412355e-03
258   1.43817000552033495697e-02
259   1.80293274831778427281e-02
260   5.06264023001643248545e-02
261   1.12840564988293014237e-02
262  -2.65271563057645730355e-02
263  -2.66918116229770338577e-02
264   1.40924422397836774518e-02
265   1.45495143963499801165e-02
266   2.41396650440947047045e-02
267   1.67636372138074800364e-02
268  -2.20240083441066818171e-02
269  -1.09461122656905962894e-03
270   1.68622047733451262130e-02
271   1.46153635283162806197e-02
272   1.40394852673380258340e-02
273   8.12363948812173941594e-02
274   1.54444030316726009511e-02
275   9.74760135610639767700e-03
276   4.39778637819895554251e-03
277  -3.26807943367795694992e-03
278  -1.86864817789116066660e-02
279   1.11346695670391515609e-02
280  -2.77437927344741652735e-02
281   1.19146699126851645517e-02
282  -1.33050837486298270673e-02
283   1.27030988096417628286e-02
284   1.57677099689869579247e-02
285   3.80413120545886815349e-02
286   1.45593059702486555401e-02
287   2.62844795676486601976e-03
288  -3.29011270424066290530e-02
289  -7.13895886731479717424e-03
290   1.07136552988900471406e-02
291   7.78775693576431483900e-03
292  -1.86868051763630048379e-02
293  -1.83810560967395987542e-02
294   4.62751344356434266003e-02
295   1.20757189867770169112e-02
296  -2.78962342185431998176e-02
297   1.48904256990086535789e-02
298  -2.70885955593239517725e-02
299   2.10724488606082380193e-02
300   5.51426472337886294448e-04
301   2.48743527404241548950e-02
302  -2.52282760557435217774e-02
303   1.05561232317828400384e-02
304   1.39351860359145547641e-02
305   1.89326996415241262384e-02
306  -4.92488134809833041916e-02
307   2.07955019690319570236e-01
308  -7.77406331971388763619e-03
309   5.14866990911061694902e-01
310   1.37059910506244983508e-02
311   1.50284583719798338353e-02
312   1.50923094960138982901e-02
313   7.32161112033379718467e-02
314  -4.11723669341529860399e-02
315  -3.04148561052756984113e-02
316  -3.61721782915523388385e-03
317   1.13744317465100039377e-02
318  -4.08111394256085308063e-03
319  -2.61894773800800777230e-02
320  -2.48983088371961189256e-02
321   1.47239570609284942115e-02
322  -5.47673426441719207736e-02
323  -4.05665286666453701186e-03
324   5.77729379436864032282e-02
325   1.16124147228475332883e-02
326   1.06348298936547996235e-02
327   1.53694200363583746011e-02
328   1.47677744161290236055e-03
329  -3.54434281204115825270e-02
330   6.43241358322979156492e-02
331   5.59075363452785356611e-02
332   9.46526533276832032771e-03
333  -3.84305175014352740082e-01
334   1.04241233996219088975e-02
335   1.30820254671071521668e-02
336   1.27262236925003748012e-02
337   1.43940891739493537216e-02
338  -6.15398027837240416127e-02
339   1.25044982366577083627e-02
340  -2.35208417804527690487e-02
341   7.63856399325733154138e-02
342  -2.26736591787431267242e-02
343  -1.00234331313732716318e-02
344   9.94888923985452061638e-03
345   1.57246317265760313098e-02
346  -9.30659897365146704384e-02
347   2.61369504243868823468e-02
348   1.12588085465633990639e-02
349  -4.19583108625193670904e-03
350   1.66151039810129262653e-02
351   1.22974134348180479809e-02
