%%MatrixMarket vector coordinate real general
351
1   6.09169187358741398564e-03
2  -2.22730574200919183596e-04
3  -1.31575101848835883389e-02
4  -2.02224082664649446039e-02
5   5.09640805883280686994e-02
6   2.04223530288341788286e-04
7   2.39273062700346523732e-03
8   8.74883708509657131340e-05
9   7.15565424641275218964e-03
10   6.72275225781271347676e-04
11  -3.25136199551837035138e-04
12   6.70203781883491945572e-04
13   5.24523463423485938710e-04
14   1.05141774251914341294e-03
15  -5.16055309137797360575e-02
16   3.29845599045270124194e-03
17  -2.29099154797688976670e-02
18  -1.02566828964246537295e-04
19   4.57645237961888651495e-04
20  -3.97204226863343001774e-02
21   1.68894047442752124298e-03
22  -1.22923751780779706884e-04
23  -1.06597784517919062027e-04
24  -2.30708068754093497364e-04
25  -4.10165188706359444895e-04
26  -9.35486192797563460843e-03
27   1.73166813288470758728e-03
28  -8.05391110334737446441e-03
29   2.26908158508136708481e-03
30   8.81266782752314613856e-05
31  -3.65779183910022731574e-02
32   6.15899093942827435821e-02
33  -4.18750236945353900703e-03
34  -2.40350628367302435184e-02
35   7.76034373210632791730e-06
36   5.20510655932281893210e-02
37   1.33570049707563386077e-02
38  -1.03820729351572466070e-01
39  -1.62983741478501625811e-04
40  -2.16162117807745568542e-04
41  -5.96855285721087174509e-04
42  -1.44913775600489444506e-02
43   9.72375783075170936794e-04
44  -1.69811938057631888139e-04
45   2.09914036831512643491e-03
46   1.43171033242128920709e-02
47   2.35344438740729949150e-03
48   8.29189016111240521228e-05
49   2.05750039805689243638e-03
50   7.44262988656560348089e-02
51   2.44057716969261736042e-03
52  -1.11553634688699426086e-02
53   4.25038485213546078124e-04
54   2.29001120920194825570e-02
55   2.29672605501506999284e-03
56   1.01878193927257450213e-03
57   5.28386157355266380953e-02
58   1.26898902191650711849e-03
59  -6.44343371819512067411e-01
60   1.31530870151706433258e-03
61   6.78926847122539702320e-04
62  -1.01033152211069750422e-03
63  -5.94610328112708634574e-05
64   2.76610424743877576434e-03
65   1.20955135706894388592e-02
66  -1.01275114638431124221e-03
67   8.37378228960318889357e-05
68   3.32439085806292668537e-03
69   3.39789113827810001361e-03
70  -2.18260274940408047000e-04
71   1.43376721972045626657e-02
72  -2.12422492925070094394e-02
73   5.25990820899409263628e-04
74  -1.10073845371877281595e-03
75  -8.61743924405500733585e-05
76  -1.06459377772576382535e-04
77   2.33244554121933815192e-05
78   1.08544177063539821343e-02
79   7.24190999968991064653e-04
80  -4.08441135551433956961e-04
81  -1.79189317028711093266e-03
82   2.24597055134180198510e-03
83  -6.71214768686291818334e-02
84   7.75843971782636259056e-04
85   2.63411906662666629383e-03
86  -1.23857847730377218856e-03
87   4.61477300012134328266e-01
88  -1.84571023927998859038e-03
89   1.07553448989463236452e-02
90   1.33370428847189546884e-03
91  -7.62522916222813183090e-04
92  -1.65258823666869394779e-03
93  -1.29776136746862164398e-03
94   1.22678668944786913031e-02
95  -2.00651728312128060927e-02
96   2.64028317099362355366e-03
97   1.00159861645148190283e-03
98  -1.89470820014533657127e-02
99   7.30813045166894825755e-03
100  -1.78390837518821150989e-03
101  -1.14101628848125680009e-03
102   2.01058044352188467624e-03
103   1.40566686830977507008e-03
104  -2.51638614991045762859e-02
105   1.01799083393145015086e-02
106  -6.46898563397936185969e-04
107   2.73100505775773641851e-03
108  -1.12131289244399778501e-03
109  -7.96337753238717644365e-04
110  -2.16216179962628327407e-03
111   3.04600855460368101935e-04
112  -6.96118239825740232028e-04
113   5.59207144119507407187e-03
114   6.56954035067924824176e-02
115   3.87287722525790426009e-02
116  -3.68705754071661576110e-02
117  -2.88356068717931027234e-03
118  -2.24131457961216631544e-03
119   1.81539025196476443320e-03
120   8.37642856342852570872e-02
121   3.28567015522795574656e-02
122   2.42457620691224132181e-02
123  -8.00906116800296856949e-04
124   9.89296293782541177452e-05
125   1.44746005435267266741e-04
126  -3.06915800848936751958e-04
127   7.84108874332436903490e-04
128  -1.86855565021808028847e-01
129   7.04575656970464758722e-02
130  -1.08046376585415530684e-03
131  -1.69347981130329419859e-03
132   1.18113066386109160331e-04
133  -2.02905189097894993883e-03
134   9.53096087279801289574e-04
135   4.69798395403774721700e-04
136   8.27585328627903873055e-05
137  -1.45781044376253185110e-03
138  -1.11045375233903429379e-04
139   3.46879975379973531924e-02
140   1.78414101915441575263e-02
141  -5.74283512177340554894e-03
142   1.46646539187691646311e-03
143   1.12769558962959402099e-02
144   1.61903653340476601577e-03
145   1.15204893590102261380e-02
146  -6.87395432773100778512e-02
147  -1.87190958858518483043e-02
148   7.20440252539307642542e-04
149  -1.46879284837657126533e-03
150   1.81182768465244591451e-04
151  -2.78777163843601334323e-03
152  -6.14158915198660763099e-05
153   2.70824727520726246752e-04
154  -5.47154389221454965481e-05
155  -8.60012898178408591310e-02
156   3.98954557162913264062e-03
157   3.20697096446003740086e-03
158  -2.67345367389921657886e-02
159   8.49349385504336203134e-03
160   1.14439719449254490025e-01
161   7.93408541670522909905e-02
162   3.55462590031747221759e-04
163  -7.72910920026842604078e-04
164  -1.33519062322156353666e-04
165   5.47420568667047677258e-03
166   1.18002035487468973085e-02
167   4.22960044085122382519e-04
168  -1.98896300607781615234e-04
169   4.99052368504950081413e-03
170  -7.99313658010698986633e-03
171   5.90861546602780107577e-04
172  -1.77271154396962844768e-02
173  -2.56878663132329180738e-03
174  -5.19982237203411314617e-04
175   1.16869593355147030622e-02
176  -3.97529720229615191052e-02
177  -1.86745421242752018126e-03
178  -3.62383019881802950768e-02
179  -2.15291455416378070542e-02
180   1.43023741679386504760e-03
181   1.77840843308354058620e-03
182   2.30233263774559937520e-02
183  -1.86518035166891851459e-03
184   5.04975154314288407660e-04
185   4.18391527791753432830e-03
186  -3.42876886739241562574e-02
187   8.68080568027250693355e-04
188  -6.88740557434330217396e-04
189  -2.91625782195471024844e-03
190   4.25676417135945495823e-03
191  -4.31046882235897759784e-04
192   4.01638463279940793882e-02
193   2.52151562575766996239e-04
194   9.51584256535277939887e-04
195  -2.87978439960474277490e-03
196   4.74553483850771943143e-05
197  -3.39444609736703302103e-03
198  -9.20239854521591341217e-05
199  -1.04125591185474583589e-03
200   1.88472365219271155261e-03
201   1.38470497711917967833e-03
202  -2.35800202493138648385e-02
203  -9.15363002599788450064e-02
204  -1.62129490875218516821e-03
205  -1.60382718453468044867e-03
206  -1.21204578326214408232e-03
207  -6.25001124131684994423e-04
208   1.33106916323523960695e-03
209  -3.17289463220549568722e-05
210  -5.05842616529167399264e-04
211  -1.20874071162781963722e-03
212  -2.49701338600530657000e-04
213  -1.35547206587363665894e-04
214   1.59635986142844590874e-02
215  -1.07426977008465021970e-03
216  -2.30809249840344989091e-03
217   3.78614567579616118076e-02
218   2.03988259609542282869e-03
219   1.77900269883375754254e-02
220  -1.41618394906917854925e-01
221   5.53478836777662307894e-03
222   5.76009543003175791820e-02
223  -3.62406423495687749631e-04
224   6.70708315375721851430e-04
225   1.33718560619550098055e-03
226   6.40142569875530890663e-04
227   1.07489132197534267843e-01
228  -1.16555886280754993078e-03
229   8.20376109901432282179e-02
230   1.03499400122780151577e-03
231   1.10558655037792745966e-03
232   8.39088728367822812848e-03
233  -3.24783967230945838645e-02
234   7.71597905875751098950e-04
235  -4.65300187953689105193e-04
236  -1.38887333233814668984e-03
237   2.91458358473699469249e-02
238  -1.06438739416871115196e-04
239   6.33991858062503735836e-04
240   3.51024938884920673128e-06
241   3.41995907870815357785e-04
242  -2.21672307924399182707e-04
243   6.00354722277221856085e-04
244  -7.96474414365868336628e-05
245   4.84176710205913834323e-03
246  -5.47402507118504369488e-02
247  -6.25794762470721771530e-02
248   1.63973532541784039473e-01
249   1.62901994513948884802e-02
250  -6.61431074425931353478e-02
251  -3.05912311691142330128e-02
252   1.03706438349793136910e-02
253   2.40255466278614226300e-04
254   1.16415552005271860474e-03
255   3.24728364956165934871e-03
256  -2.70675637665863553713e-03
257   8.59727480324510295873e-02
258   1.40848243228122893544e-01
259   3.34569821570927555983e-04
260  -7.39653589217749787583e-05
261   1.15029283846561636295e-02
262   2.90722170037452766825e-03
263   3.32566394817814144080e-04
264  -3.33362871434571229542e-03
265  -6.97830725971349263848e-02
266  -1.16584215666772159775e-03
267   3.77300768358064682849e-05
268  -3.09337287907050957625e-03
269  -3.50836470394865623801e-04
270   3.20622337032154952619e-02
271   2.28435241462955184854e-04
272  -2.91106049987289821051e-05
273   9.56147347495342361627e-04
274   2.80700563921605509080e-03
275  -1.30084683985639631976e-01
276  -2.97157660176987810374e-02
277  -2.41665956898427748342e-04
278   4.01663994293519283421e-04
279  -9.12883355003170880726e-03
280  -2.42683456323264934440e-02
281   5.25249377349145535332e-03
282  -3.88870932803351502388e-03
283  -1.12944625875323906988e-02
284  -5.62969618195144905215e-02
285   1.69433558853186814336e-03
286   1.17675319084733359665e-02
287  -3.84703523478484158468e-04
288  -8.13144257725583298815e-04
289   4.44913072855352678594e-04
290   4.59177693257835431440e-02
291   3.67563082201859681053e-02
292   4.63186666125101759173e-03
293   5.50567580400931162396e-04
294   2.50238312202850313876e-03
295  -4.32322551848700938754e-03
296   3.39914666548764288212e-04
297   5.30713141155188922703e-04
298   5.23460956755013870692e-04
299   4.67132179820645447241e-04
300  -5.01914089717157320403e-04
301   6.93498539608307113663e-04
302  -1.33028720807194518298e-03
303   4.70811380678103005848e-02
304  -4.99554189727622680040e-02
305  -4.50958806917874425145e-04
306   1.99000245044149903437e-03
307  -2.60682218766515030536e-04
308   2.64182737225647501500e-03
309  -5.22318626873173076641e-04
310  -8.54799210917006027817e-04
311   6.24540164883868806345e-02
312  -1.18116594612958369925e-02
313   1.68879079133496621395e-03
314   1.18235892825991912441e-04
315  -2.85162409281527389013e-04
316   2.08383170140251025582e-03
317  -3.99974570204531323925e-02
318  -9.41192593753598381922e-05
319  -2.27861837562721297745e-03
320  -9.33595041346913911279e-04
321   5.04635237187961577243e-02
322  -9.74123536289041899294e-05
323   1.80932631812363159396e-03
324  -1.20386088495007302981e-03
325  -9.13188009605597934837e-03
326  -4.10831682460646788191e-02
327   2.78447182855186313802e-03
328   2.89307613076596854221e-04
329  -2.90891807392452310735e-04
330  -9.17843757034929617683e-05
331  -3.26735684631065601002e-03
332   3.82751929005578552662e-03
333  -2.77989209191071120000e-04
334   2.82160594364815400792e-02
335  -4.18406735469134469230e-02
336   2.83440530365232819243e-02
337  -5.07722424422376878567e-03
338   1.47221203869563944423e-03
339  -8.41935388468871004353e-02
340  -8.31051331722786144202e-04
341   4.83685668092319505373e-04
342  -2.58175031720158602161e-03
343  -1.36811005174436190607e-03
344  -6.20702713675580974514e-05
345  -1.10528907676554280504e-01
346  -3.22084248963961511381e-03
347   3.98728313928539571196e-04
348   1.98306235342979281233e-01
349  -9.30774478066770513326e-04
350   1.21023959386304868699e-03
351   2.76198138301474724679e-03
