1.000000e+00
1.805633e-01
7.481478e-02
4.182764e-02
2.259698e-02
2.291064e-02
2.264846e-02
2.284570e-02
1.713560e-02
1.196853e-02
9.830025e-03
7.231480e-03
5.534522e-03
4.040098e-03
3.491950e-03
3.242006e-03
3.203835e-03
3.759466e-03
3.780496e-03
2.789671e-03
1.831463e-03
1.322775e-03
1.184906e-03
1.335149e-03
1.650147e-03
1.695674e-03
1.412112e-03
1.061341e-03
7.800884e-04
5.855288e-04
5.699015e-04
5.958790e-04
5.840765e-04
5.839964e-04
5.193541e-04
4.613699e-04
4.294748e-04
3.128159e-04
2.475073e-04
2.912719e-04
3.815307e-04
4.654731e-04
3.699155e-04
2.726435e-04
1.789208e-04
1.527252e-04
1.889822e-04
2.638571e-04
2.769436e-04
2.020981e-04
1.645156e-04
1.336674e-04
1.305335e-04
1.380617e-04
1.578504e-04
1.613940e-04
1.493910e-04
1.361788e-04
1.214610e-04
8.843226e-05
6.637474e-05
6.795521e-05
7.853221e-05
9.383416e-05
9.453503e-05
6.347774e-05
3.561446e-05
3.142314e-05
3.820233e-05
5.557142e-05
5.888466e-05
4.770945e-05
2.624752e-05
1.807329e-05
1.962814e-05
2.644915e-05
3.040571e-05
2.454881e-05
1.586631e-05
1.141168e-05
1.053638e-05
1.241272e-05
1.454340e-05
1.347303e-05
1.223107e-05
1.157131e-05
1.162808e-05
8.665766e-06
6.380128e-06
4.402606e-06
5.317692e-06
5.931059e-06
6.508462e-06
5.262275e-06
3.780389e-06
2.308335e-06
1.646816e-06
2.171126e-06
3.056194e-06
3.249825e-06
2.441754e-06
1.564911e-06
1.040003e-06
9.772917e-07
9.207871e-07
1.056568e-06
9.991908e-07
9.577752e-07
1.080294e-06
9.273828e-07
5.995759e-07
5.234954e-07
4.266417e-07
5.578218e-07
7.468353e-07
5.906989e-07
3.840647e-07
2.879212e-07
2.431955e-07
3.039181e-07
4.089429e-07
4.024288e-07
2.724881e-07
2.877929e-07
2.220612e-07
2.293801e-07
2.111725e-07
1.757657e-07
2.008295e-07
2.380951e-07
2.345907e-07
1.437974e-07
1.048716e-07
9.408571e-08
1.242553e-07
1.480673e-07
1.676664e-07
1.298945e-07
8.727593e-08
5.768932e-08
6.932896e-08
7.988788e-08
9.088044e-08
8.789321e-08
6.304227e-08
3.715131e-08
3.581977e-08
3.679883e-08
5.766109e-08
6.713067e-08
4.281192e-08
2.247479e-08
1.605886e-08
2.076840e-08
3.451191e-08
3.189072e-08
1.951608e-08
1.219577e-08
8.967407e-09
8.127238e-09
9.965795e-09
1.223316e-08
1.079973e-08
7.923870e-09
6.259033e-09
5.996475e-09
5.009211e-09
3.020099e-09
3.098223e-09
4.926371e-09
5.607064e-09
3.682938e-09
2.273552e-09
1.679288e-09
1.423143e-09
1.657337e-09
2.284310e-09
2.658698e-09
1.492679e-09
8.916932e-10
7.274462e-10
8.709782e-10
1.038038e-09
1.234416e-09
9.020185e-10
7.221913e-10
6.169546e-10
5.484855e-10
5.026657e-10
3.429559e-10
4.555685e-10
5.736067e-10
6.376587e-10
4.554855e-10
3.150090e-10
2.369161e-10
2.769573e-10
3.708311e-10
4.554315e-10
3.197296e-10
2.146514e-10
1.551500e-10
1.514102e-10
2.485896e-10
2.793055e-10
1.982837e-10
1.155566e-10
7.735700e-11
1.047067e-10
1.799536e-10
1.716724e-10
1.090691e-10
6.416674e-11
4.691004e-11
5.737831e-11
9.350067e-11
8.772592e-11
8.384360e-11
3.890662e-11
2.698422e-11
2.395322e-11
2.959145e-11
4.637032e-11
3.821416e-11
1.602069e-11
1.112528e-11
1.273235e-11
1.822282e-11
2.364149e-11
1.836995e-11
1.300677e-11
7.473643e-12
5.939964e-12
7.604270e-12
1.001555e-11
1.171581e-11
8.492925e-12
6.050912e-12
3.071456e-12
3.257693e-12
5.484816e-12
5.246244e-12
3.162124e-12
2.158195e-12
1.270843e-12
1.656125e-12
2.794208e-12
2.642050e-12
2.054189e-12
9.153053e-13
